 1.00000000e+00  8.05871722e-05 
 1.02329299e+00  8.43851651e-05 
 1.04712855e+00  8.83621555e-05 
 1.07151931e+00  9.25265795e-05 
 1.09647820e+00  9.68872710e-05 
 1.12201845e+00  1.01453480e-04 
 1.14815362e+00  1.06234893e-04 
 1.17489755e+00  1.11241653e-04 
 1.20226443e+00  1.16484380e-04 
 1.23026877e+00  1.21974196e-04 
 1.25892541e+00  1.27722747e-04 
 1.28824955e+00  1.33742226e-04 
 1.31825674e+00  1.40045404e-04 
 1.34896288e+00  1.46645651e-04 
 1.38038426e+00  1.53556968e-04 
 1.41253754e+00  1.60794018e-04 
 1.44543977e+00  1.68372152e-04 
 1.47910839e+00  1.76307446e-04 
 1.51356125e+00  1.84616735e-04 
 1.54881662e+00  1.93317646e-04 
 1.58489319e+00  2.02428636e-04 
 1.62181010e+00  2.11969034e-04 
 1.65958691e+00  2.21959080e-04 
 1.69824365e+00  2.32419966e-04 
 1.73780083e+00  2.43373886e-04 
 1.77827941e+00  2.54844077e-04 
 1.81970086e+00  2.66854874e-04 
 1.86208714e+00  2.79431757e-04 
 1.90546072e+00  2.92601410e-04 
 1.94984460e+00  3.06391771e-04 
 1.99526231e+00  3.20832098e-04 
 2.04173794e+00  3.35953029e-04 
 2.08929613e+00  3.51786642e-04 
 2.13796209e+00  3.68366532e-04 
 2.18776162e+00  3.85727876e-04 
 2.23872114e+00  4.03907507e-04 
 2.29086765e+00  4.22944000e-04 
 2.34422882e+00  4.42877743e-04 
 2.39883292e+00  4.63751032e-04 
 2.45470892e+00  4.85608154e-04 
 2.51188643e+00  5.08495489e-04 
 2.57039578e+00  5.32461598e-04 
 2.63026799e+00  5.57557335e-04 
 2.69153480e+00  5.83835952e-04 
 2.75422870e+00  6.11353210e-04 
 2.81838293e+00  6.40167502e-04 
 2.88403150e+00  6.70339973e-04 
 2.95120923e+00  7.01934651e-04 
 3.01995172e+00  7.35018584e-04 
 3.09029543e+00  7.69661982e-04 
 3.16227766e+00  8.05938367e-04 
 3.23593657e+00  8.43924726e-04 
 3.31131121e+00  8.83701680e-04 
 3.38844156e+00  9.25353650e-04 
 3.46736850e+00  9.68969042e-04 
 3.54813389e+00  1.01464043e-03 
 3.63078055e+00  1.06246475e-03 
 3.71535229e+00  1.11254352e-03 
 3.80189396e+00  1.16498304e-03 
 3.89045145e+00  1.21989464e-03 
 3.98107171e+00  1.27739487e-03 
 4.07380278e+00  1.33760582e-03 
 4.16869383e+00  1.40065530e-03 
 4.26579519e+00  1.46667719e-03 
 4.36515832e+00  1.53581165e-03 
 4.46683592e+00  1.60820549e-03 
 4.57088190e+00  1.68401243e-03 
 4.67735141e+00  1.76339344e-03 
 4.78630092e+00  1.84651710e-03 
 4.89778819e+00  1.93355995e-03 
 5.01187234e+00  2.02470685e-03 
 5.12861384e+00  2.12015139e-03 
 5.24807460e+00  2.22009633e-03 
 5.37031796e+00  2.32475396e-03 
 5.49540874e+00  2.43434663e-03 
 5.62341325e+00  2.54910717e-03 
 5.75439937e+00  2.66927942e-03 
 5.88843655e+00  2.79511874e-03 
 6.02559586e+00  2.92689256e-03 
 6.16595002e+00  3.06488091e-03 
 6.30957344e+00  3.20937710e-03 
 6.45654229e+00  3.36068828e-03 
 6.60693448e+00  3.51913612e-03 
 6.76082975e+00  3.68505750e-03 
 6.91830971e+00  3.85880523e-03 
 7.07945784e+00  4.04074880e-03 
 7.24435960e+00  4.23127517e-03 
 7.41310241e+00  4.43078963e-03 
 7.58577575e+00  4.63971661e-03 
 7.76247117e+00  4.85850065e-03 
 7.94328235e+00  5.08760734e-03 
 8.12830516e+00  5.32752427e-03 
 8.31763771e+00  5.57876217e-03 
 8.51138038e+00  5.84185592e-03 
 8.70963590e+00  6.11736574e-03 
 8.91250938e+00  6.40587843e-03 
 9.12010839e+00  6.70800856e-03 
 9.33254301e+00  7.02439986e-03 
 9.54992586e+00  7.35572658e-03 
 9.77237221e+00  7.70269496e-03 
 1.00000000e+01  8.06604472e-03 
 1.02329299e+01  8.44655074e-03 
 1.04712855e+01  8.84502464e-03 
 1.07151931e+01  9.26231664e-03 
 1.09647820e+01  9.69931730e-03 
 1.12201845e+01  1.01569595e-02 
 1.14815362e+01  1.06362207e-02 
 1.17489755e+01  1.11381244e-02 
 1.20226443e+01  1.16637433e-02 
 1.23026877e+01  1.22142008e-02 
 1.25892541e+01  1.27906741e-02 
 1.28824955e+01  1.33943963e-02 
 1.31825674e+01  1.40266593e-02 
 1.34896288e+01  1.46888168e-02 
 1.38038426e+01  1.53822869e-02 
 1.41253754e+01  1.61085557e-02 
 1.44543977e+01  1.68691800e-02 
 1.47910839e+01  1.76657912e-02 
 1.51356125e+01  1.85000990e-02 
 1.54881662e+01  1.93738944e-02 
 1.58489319e+01  2.02890549e-02 
 1.62181010e+01  2.12475475e-02 
 1.65958691e+01  2.22514339e-02 
 1.69824365e+01  2.33028747e-02 
 1.73780083e+01  2.44041345e-02 
 1.77827941e+01  2.55575867e-02 
 1.81970086e+01  2.67657192e-02 
 1.86208714e+01  2.80311396e-02 
 1.90546072e+01  2.93565817e-02 
 1.94984460e+01  3.07449110e-02 
 1.99526231e+01  3.21991318e-02 
 2.04173794e+01  3.37223939e-02 
 2.08929613e+01  3.53179997e-02 
 2.13796209e+01  3.69894118e-02 
 2.18776162e+01  3.87402614e-02 
 2.23872114e+01  4.05743561e-02 
 2.29086765e+01  4.24956892e-02 
 2.34422882e+01  4.45084489e-02 
 2.39883292e+01  4.66170283e-02 
 2.45470892e+01  4.88260353e-02 
 2.51188643e+01  5.11403038e-02 
 2.57039578e+01  5.35649055e-02 
 2.63026799e+01  5.61051612e-02 
 2.69153480e+01  5.87666544e-02 
 2.75422870e+01  6.15552442e-02 
 2.81838293e+01  6.44770797e-02 
 2.88403150e+01  6.75386151e-02 
 2.95120923e+01  7.07466252e-02 
 3.01995172e+01  7.41082223e-02 
 3.09029543e+01  7.76308738e-02 
 3.16227766e+01  8.13224207e-02 
 3.23593657e+01  8.51910973e-02 
 3.31131121e+01  8.92455520e-02 
 3.38844156e+01  9.34948692e-02 
 3.46736850e+01  9.79485924e-02 
 3.54813389e+01  1.02616749e-01 
 3.63078055e+01  1.07509876e-01 
 3.71535229e+01  1.12639047e-01 
 3.80189396e+01  1.18015903e-01 
 3.89045145e+01  1.23652681e-01 
 3.98107171e+01  1.29562248e-01 
 4.07380278e+01  1.35758133e-01 
 4.16869383e+01  1.42254569e-01 
 4.26579519e+01  1.49066526e-01 
 4.36515832e+01  1.56209754e-01 
 4.46683592e+01  1.63700827e-01 
 4.57088190e+01  1.71557190e-01 
 4.67735141e+01  1.79797204e-01 
 4.78630092e+01  1.88440202e-01 
 4.89778819e+01  1.97506543e-01 
 5.01187234e+01  2.07017666e-01 
 5.12861384e+01  2.16996157e-01 
 5.24807460e+01  2.27465814e-01 
 5.37031796e+01  2.38451711e-01 
 5.49540874e+01  2.49980276e-01 
 5.62341325e+01  2.62079368e-01 
 5.75439937e+01  2.74778357e-01 
 5.88843655e+01  2.88108214e-01 
 6.02559586e+01  3.02101600e-01 
 6.16595002e+01  3.16792963e-01 
 6.30957344e+01  3.32218643e-01 
 6.45654229e+01  3.48416975e-01 
 6.60693448e+01  3.65428405e-01 
 6.76082975e+01  3.83295611e-01 
 6.91830971e+01  4.02063620e-01 
 7.07945784e+01  4.21779945e-01 
 7.24435960e+01  4.42494715e-01 
 7.41310241e+01  4.64260816e-01 
 7.58577575e+01  4.87134034e-01 
 7.76247117e+01  5.11173206e-01 
 7.94328235e+01  5.36440365e-01 
 8.12830516e+01  5.63000895e-01 
 8.31763771e+01  5.90923677e-01 
 8.51138038e+01  6.20281245e-01 
 8.70963590e+01  6.51149916e-01 
 8.91250938e+01  6.83609935e-01 
 9.12010839e+01  7.17745586e-01 
 9.33254301e+01  7.53645294e-01 
 9.54992586e+01  7.91401698e-01 
 9.77237221e+01  8.31111694e-01 
 1.00000000e+02  8.72876425e-01 
 1.02329299e+02  9.16801224e-01 
 1.04712855e+02  9.62995481e-01 
 1.07151931e+02  1.01157243e+00 
 1.09647820e+02  1.06264880e+00 
 1.12201845e+02  1.11634438e+00 
 1.14815362e+02  1.17278142e+00 
 1.17489755e+02  1.23208374e+00 
 1.20226443e+02  1.29437579e+00 
 1.23026877e+02  1.35978130e+00 
 1.25892541e+02  1.42842163e+00 
 1.28824955e+02  1.50041386e+00 
 1.31825674e+02  1.57586833e+00 
 1.34896288e+02  1.65488582e+00 
 1.38038426e+02  1.73755417e+00 
 1.41253754e+02  1.82394431e+00 
 1.44543977e+02  1.91410581e+00 
 1.47910839e+02  2.00806168e+00 
 1.51356125e+02  2.10580270e+00 
 1.54881662e+02  2.20728119e+00 
 1.58489319e+02  2.31240436e+00 
 1.62181010e+02  2.42102741e+00 
 1.65958691e+02  2.53294664e+00 
 1.69824365e+02  2.64789297e+00 
 1.73780083e+02  2.76552621e+00 
 1.77827941e+02  2.88543062e+00 
 1.81970086e+02  3.00711247e+00 
 1.86208714e+02  3.13000010e+00 
 1.90546072e+02  3.25344711e+00 
 1.94984460e+02  3.37673928e+00 
 1.99526231e+02  3.49910550e+00 
 2.04173794e+02  3.61973276e+00 
 2.08929613e+02  3.73778504e+00 
 2.13796209e+02  3.85242536e+00 
 2.18776162e+02  3.96283999e+00 
 2.23872114e+02  4.06826341e+00 
 2.29086765e+02  4.16800250e+00 
 2.34422882e+02  4.26145817e+00 
 2.39883292e+02  4.34814306e+00 
 2.45470892e+02  4.42769401e+00 
 2.51188643e+02  4.49987863e+00 
 2.57039578e+02  4.56459576e+00 
 2.63026799e+02  4.62187009e+00 
 2.69153480e+02  4.67184187e+00 
 2.75422870e+02  4.71475273e+00 
 2.81838293e+02  4.75092894e+00 
 2.88403150e+02  4.78076344e+00 
 2.95120923e+02  4.80469776e+00 
 3.01995172e+02  4.82320488e+00 
 3.09029543e+02  4.83677376e+00 
 3.16227766e+02  4.84589586e+00 
 3.23593657e+02  4.85105412e+00 
 3.31131121e+02  4.85271419e+00 
 3.38844156e+02  4.85131788e+00 
 3.46736850e+02  4.84727869e+00 
 3.54813389e+02  4.84097899e+00 
 3.63078055e+02  4.83276871e+00 
 3.71535229e+02  4.82296505e+00 
 3.80189396e+02  4.81185322e+00 
 3.89045145e+02  4.79968768e+00 
 3.98107171e+02  4.78669393e+00 
 4.07380278e+02  4.77307048e+00 
 4.16869383e+02  4.75899103e+00 
 4.26579519e+02  4.74460668e+00 
 4.36515832e+02  4.73004810e+00 
 4.46683592e+02  4.71542765e+00 
 4.57088190e+02  4.70084133e+00 
 4.67735141e+02  4.68637069e+00 
 4.78630092e+02  4.67208448e+00 
 4.89778819e+02  4.65804025e+00 
 5.01187234e+02  4.64428573e+00 
 5.12861384e+02  4.63086012e+00 
 5.24807460e+02  4.61779521e+00 
 5.37031796e+02  4.60511636e+00 
 5.49540874e+02  4.59284347e+00 
 5.62341325e+02  4.58099168e+00 
 5.75439937e+02  4.56957211e+00 
 5.88843655e+02  4.55859246e+00 
 6.02559586e+02  4.54805753e+00 
 6.16595002e+02  4.53796970e+00 
 6.30957344e+02  4.52832931e+00 
 6.45654229e+02  4.51913507e+00 
 6.60693448e+02  4.51038427e+00 
 6.76082975e+02  4.50207312e+00 
 6.91830971e+02  4.49419696e+00 
 7.07945784e+02  4.48675045e+00 
 7.24435960e+02  4.47972771e+00 
 7.41310241e+02  4.47312252e+00 
 7.58577575e+02  4.46692841e+00 
 7.76247117e+02  4.46113876e+00 
 7.94328235e+02  4.45574690e+00 
 8.12830516e+02  4.45074618e+00 
 8.31763771e+02  4.44613004e+00 
 8.51138038e+02  4.44189205e+00 
 8.70963590e+02  4.43802594e+00 
 8.91250938e+02  4.43452564e+00 
 9.12010839e+02  4.43138532e+00 
 9.33254301e+02  4.42859938e+00 
 9.54992586e+02  4.42616247e+00 
 9.77237221e+02  4.42406951e+00 
 1.00000000e+03  4.42231564e+00 
 1.02329299e+03  4.42089625e+00 
 1.04712855e+03  4.41980697e+00 
 1.07151931e+03  4.41904362e+00 
 1.09647820e+03  4.41860220e+00 
 1.12201845e+03  4.41847886e+00 
 1.14815362e+03  4.41866987e+00 
 1.17489755e+03  4.41917154e+00 
 1.20226443e+03  4.41998021e+00 
 1.23026877e+03  4.42109218e+00 
 1.25892541e+03  4.42250362e+00 
 1.28824955e+03  4.42421052e+00 
 1.31825674e+03  4.42620859e+00 
 1.34896288e+03  4.42849314e+00 
 1.38038426e+03  4.43105903e+00 
 1.41253754e+03  4.43390047e+00 
 1.44543977e+03  4.43701094e+00 
 1.47910839e+03  4.44038298e+00 
 1.51356125e+03  4.44400805e+00 
 1.54881662e+03  4.44787633e+00 
 1.58489319e+03  4.45197646e+00 
 1.62181010e+03  4.45629533e+00 
 1.65958691e+03  4.46081776e+00 
 1.69824365e+03  4.46552624e+00 
 1.73780083e+03  4.47040055e+00 
 1.77827941e+03  4.47541737e+00 
 1.81970086e+03  4.48054987e+00 
 1.86208714e+03  4.48576723e+00 
 1.90546072e+03  4.49103413e+00 
 1.94984460e+03  4.49631018e+00 
 1.99526231e+03  4.50154928e+00 
 2.04173794e+03  4.50669897e+00 
 2.08929613e+03  4.51169967e+00 
 2.13796209e+03  4.51648393e+00 
 2.18776162e+03  4.52097558e+00 
 2.23872114e+03  4.52508886e+00 
 2.29086765e+03  4.52872748e+00 
 2.34422882e+03  4.53178374e+00 
 2.39883292e+03  4.53413757e+00 
 2.45470892e+03  4.53565561e+00 
 2.51188643e+03  4.53619038e+00 
 2.57039578e+03  4.53557954e+00 
 2.63026799e+03  4.53364525e+00 
 2.69153480e+03  4.53019380e+00 
 2.75422870e+03  4.52501551e+00 
 2.81838293e+03  4.51788495e+00 
 2.88403150e+03  4.50856173e+00 
 2.95120923e+03  4.49679167e+00 
 3.01995172e+03  4.48230882e+00 
 3.09029543e+03  4.46483805e+00 
 3.16227766e+03  4.44409863e+00 
 3.23593657e+03  4.41980859e+00 
 3.31131121e+03  4.39169008e+00 
 3.38844156e+03  4.35947555e+00 
 3.46736850e+03  4.32291483e+00 
 3.54813389e+03  4.28178277e+00 
 3.63078055e+03  4.23588743e+00 
 3.71535229e+03  4.18507819e+00 
 3.80189396e+03  4.12925380e+00 
 3.89045145e+03  4.06836947e+00 
 3.98107171e+03  4.00244301e+00 
 4.07380278e+03  3.93155912e+00 
 4.16869383e+03  3.85587178e+00 
 4.26579519e+03  3.77560427e+00 
 4.36515832e+03  3.69104671e+00 
 4.46683592e+03  3.60255110e+00 
 4.57088190e+03  3.51052415e+00 
 4.67735141e+03  3.41541801e+00 
 4.78630092e+03  3.31771971e+00 
 4.89778819e+03  3.21793951e+00 
 5.01187234e+03  3.11659909e+00 
 5.12861384e+03  3.01421994e+00 
 5.24807460e+03  2.91131255e+00 
 5.37031796e+03  2.80836690e+00 
 5.49540874e+03  2.70584439e+00 
 5.62341325e+03  2.60417151e+00 
 5.75439937e+03  2.50373526e+00 
 5.88843655e+03  2.40488024e+00 
 6.02559586e+03  2.30790727e+00 
 6.16595002e+03  2.21307342e+00 
 6.30957344e+03  2.12059311e+00 
 6.45654229e+03  2.03064013e+00 
 6.60693448e+03  1.94335028e+00 
 6.76082975e+03  1.85882447e+00 
 6.91830971e+03  1.77713211e+00 
 7.07945784e+03  1.69831455e+00 
 7.24435960e+03  1.62238850e+00 
 7.41310241e+03  1.54934941e+00 
 7.58577575e+03  1.47917453e+00 
 7.76247117e+03  1.41182587e+00 
 7.94328235e+03  1.34725285e+00 
 8.12830516e+03  1.28539468e+00 
 8.31763771e+03  1.22618244e+00 
 8.51138038e+03  1.16954101e+00 
 8.70963590e+03  1.11539063e+00 
 8.91250938e+03  1.06364834e+00 
 9.12010839e+03  1.01422910e+00 
 9.33254301e+03  9.67046861e-01 
 9.54992586e+03  9.22015346e-01 
 9.77237221e+03  8.79048763e-01 
 1.00000000e+04  8.38062361e-01 
 1.02329299e+04  7.98972878e-01 
 1.04712855e+04  7.61698897e-01 
 1.07151931e+04  7.26161128e-01 
 1.09647820e+04  6.92282603e-01 
 1.12201845e+04  6.59988837e-01 
 1.14815362e+04  6.29207918e-01 
 1.17489755e+04  5.99870573e-01 
 1.20226443e+04  5.71910197e-01 
 1.23026877e+04  5.45262846e-01 
 1.25892541e+04  5.19867223e-01 
 1.28824955e+04  4.95664636e-01 
 1.31825674e+04  4.72598946e-01 
 1.34896288e+04  4.50616505e-01 
 1.38038426e+04  4.29666084e-01 
 1.41253754e+04  4.09698800e-01 
 1.44543977e+04  3.90668029e-01 
 1.47910839e+04  3.72529332e-01 
 1.51356125e+04  3.55240363e-01 
 1.54881662e+04  3.38760791e-01 
 1.58489319e+04  3.23052213e-01 
 1.62181010e+04  3.08078073e-01 
 1.65958691e+04  2.93803581e-01 
 1.69824365e+04  2.80195633e-01 
 1.73780083e+04  2.67222737e-01 
 1.77827941e+04  2.54854939e-01 
 1.81970086e+04  2.43063749e-01 
 1.86208714e+04  2.31822077e-01 
 1.90546072e+04  2.21104165e-01 
 1.94984460e+04  2.10885525e-01 
 1.99526231e+04  2.01142878e-01 
 2.04173794e+04  1.91854101e-01 
 2.08929613e+04  1.82998169e-01 
 2.13796209e+04  1.74555106e-01 
 2.18776162e+04  1.66505936e-01 
 2.23872114e+04  1.58832637e-01 
 2.29086765e+04  1.51518095e-01 
 2.34422882e+04  1.44546069e-01 
 2.39883292e+04  1.37901146e-01 
 2.45470892e+04  1.31568708e-01 
 2.51188643e+04  1.25534897e-01 
 2.57039578e+04  1.19786583e-01 
 2.63026799e+04  1.14311336e-01 
 2.69153480e+04  1.09097392e-01 
 2.75422870e+04  1.04133634e-01 
 2.81838293e+04  9.94095611e-02 
 2.88403150e+04  9.49152705e-02 
 2.95120923e+04  9.06414318e-02 
 3.01995172e+04  8.65792687e-02 
 3.09029543e+04  8.27205393e-02 
 3.16227766e+04  7.90575175e-02 
 3.23593657e+04  7.55829751e-02 
 3.31131121e+04  7.22901642e-02 
 3.38844156e+04  6.91727999e-02 
 3.46736850e+04  6.62250420e-02 
 3.54813389e+04  6.34414760e-02 
 3.63078055e+04  6.08170932e-02 
 3.71535229e+04  5.83472680e-02 
 3.80189396e+04  5.60277334e-02 
 3.89045145e+04  5.38545533e-02 
 3.98107171e+04  5.18240911e-02 
 4.07380278e+04  4.99329744e-02 
 4.16869383e+04  4.81780558e-02 
 4.26579519e+04  4.65563689e-02 
 4.36515832e+04  4.50650812e-02 
 4.46683592e+04  4.37014438e-02 
 4.57088190e+04  4.24627388e-02 
 4.67735141e+04  4.13462271e-02 
 4.78630092e+04  4.03490983e-02 
 4.89778819e+04  3.94684247e-02 
 5.01187234e+04  3.87011223e-02 
 5.12861384e+04  3.80439218e-02 
 5.24807460e+04  3.74933501e-02 
 5.37031796e+04  3.70457251e-02 
 5.49540874e+04  3.66971639e-02 
 5.62341325e+04  3.64436030e-02 
 5.75439937e+04  3.62808302e-02 
 5.88843655e+04  3.62045249e-02 
 6.02559586e+04  3.62103053e-02 
 6.16595002e+04  3.62937780e-02 
 6.30957344e+04  3.64505872e-02 
 6.45654229e+04  3.66764629e-02 
 6.60693448e+04  3.69672624e-02 
 6.76082975e+04  3.73190070e-02 
 6.91830971e+04  3.77279114e-02 
 7.07945784e+04  3.81904051e-02 
 7.24435960e+04  3.87031474e-02 
 7.41310241e+04  3.92630354e-02 
 7.58577575e+04  3.98672063e-02 
 7.76247117e+04  4.05130350e-02 
 7.94328235e+04  4.11981272e-02 
 8.12830516e+04  4.19203100e-02 
 8.31763771e+04  4.26776197e-02 
 8.51138038e+04  4.34682890e-02 
 8.70963590e+04  4.42907317e-02 
 8.91250938e+04  4.51435287e-02 
 9.12010839e+04  4.60254128e-02 
 9.33254301e+04  4.69352539e-02 
 9.54992586e+04  4.78720453e-02 
 9.77237221e+04  4.88348899e-02 
 1.00000000e+05  4.98229874e-02 
