 1.00000000e+02  4.62226517e-05 
 1.02329299e+02  5.03012519e-05 
 1.04712855e+02  5.47263965e-05 
 1.07151931e+02  5.95260622e-05 
 1.09647820e+02  6.47303385e-05 
 1.12201845e+02  7.03715748e-05 
 1.14815362e+02  7.64845372e-05 
 1.17489755e+02  8.31065756e-05 
 1.20226443e+02  9.02778003e-05 
 1.23026877e+02  9.80412719e-05 
 1.25892541e+02  1.06443201e-04 
 1.28824955e+02  1.15533164e-04 
 1.31825674e+02  1.25364327e-04 
 1.34896288e+02  1.35993692e-04 
 1.38038426e+02  1.47482349e-04 
 1.41253754e+02  1.59895756e-04 
 1.44543977e+02  1.73304024e-04 
 1.47910839e+02  1.87782229e-04 
 1.51356125e+02  2.03410742e-04 
 1.54881662e+02  2.20275577e-04 
 1.58489319e+02  2.38468762e-04 
 1.62181010e+02  2.58088737e-04 
 1.65958691e+02  2.79240771e-04 
 1.69824365e+02  3.02037409e-04 
 1.73780083e+02  3.26598943e-04 
 1.77827941e+02  3.53053921e-04 
 1.81970086e+02  3.81539674e-04 
 1.86208714e+02  4.12202883e-04 
 1.90546072e+02  4.45200185e-04 
 1.94984460e+02  4.80698801e-04 
 1.99526231e+02  5.18877219e-04 
 2.04173794e+02  5.59925902e-04 
 2.08929613e+02  6.04048049e-04 
 2.13796209e+02  6.51460393e-04 
 2.18776162e+02  7.02394049e-04 
 2.23872114e+02  7.57095410e-04 
 2.29086765e+02  8.15827091e-04 
 2.34422882e+02  8.78868928e-04 
 2.39883292e+02  9.46519033e-04 
 2.45470892e+02  1.01909490e-03 
 2.51188643e+02  1.09693459e-03 
 2.57039578e+02  1.18039794e-03 
 2.63026799e+02  1.26986788e-03 
 2.69153480e+02  1.36575178e-03 
 2.75422870e+02  1.46848292e-03 
 2.81838293e+02  1.57852192e-03 
 2.88403150e+02  1.69635841e-03 
 2.95120923e+02  1.82251260e-03 
 3.01995172e+02  1.95753706e-03 
 3.09029543e+02  2.10201854e-03 
 3.16227766e+02  2.25657979e-03 
 3.23593657e+02  2.42188164e-03 
 3.31131121e+02  2.59862498e-03 
 3.38844156e+02  2.78755294e-03 
 3.46736850e+02  2.98945315e-03 
 3.54813389e+02  3.20516004e-03 
 3.63078055e+02  3.43555726e-03 
 3.71535229e+02  3.68158024e-03 
 3.80189396e+02  3.94421875e-03 
 3.89045145e+02  4.22451963e-03 
 3.98107171e+02  4.52358960e-03 
 4.07380278e+02  4.84259818e-03 
 4.16869383e+02  5.18278064e-03 
 4.26579519e+02  5.54544115e-03 
 4.36515832e+02  5.93195599e-03 
 4.46683592e+02  6.34377683e-03 
 4.57088190e+02  6.78243416e-03 
 4.67735141e+02  7.24954082e-03 
 4.78630092e+02  7.74679560e-03 
 4.89778819e+02  8.27598704e-03 
 5.01187234e+02  8.83899720e-03 
 5.12861384e+02  9.43780572e-03 
 5.24807460e+02  1.00744938e-02 
 5.37031796e+02  1.07512486e-02 
 5.49540874e+02  1.14703674e-02 
 5.62341325e+02  1.22342622e-02 
 5.75439937e+02  1.30454642e-02 
 5.88843655e+02  1.39066287e-02 
 6.02559586e+02  1.48205403e-02 
 6.16595002e+02  1.57901176e-02 
 6.30957344e+02  1.68184184e-02 
 6.45654229e+02  1.79086460e-02 
 6.60693448e+02  1.90641539e-02 
 6.76082975e+02  2.02884527e-02 
 6.91830971e+02  2.15852157e-02 
 7.07945784e+02  2.29582853e-02 
 7.24435960e+02  2.44116806e-02 
 7.41310241e+02  2.59496036e-02 
 7.58577575e+02  2.75764470e-02 
 7.76247117e+02  2.92968023e-02 
 7.94328235e+02  3.11154675e-02 
 8.12830516e+02  3.30374564e-02 
 8.31763771e+02  3.50680072e-02 
 8.51138038e+02  3.72125925e-02 
 8.70963590e+02  3.94769292e-02 
 8.91250938e+02  4.18669897e-02 
 9.12010839e+02  4.43890131e-02 
 9.33254301e+02  4.70495170e-02 
 9.54992586e+02  4.98553107e-02 
 9.77237221e+02  5.28135086e-02 
 1.00000000e+03  5.59315444e-02 
 1.02329299e+03  5.92171863e-02 
 1.04712855e+03  6.26785531e-02 
 1.07151931e+03  6.63241311e-02 
 1.09647820e+03  7.01627923e-02 
 1.12201845e+03  7.42038128e-02 
 1.14815362e+03  7.84568938e-02 
 1.17489755e+03  8.29321817e-02 
 1.20226443e+03  8.76402915e-02 
 1.23026877e+03  9.25923297e-02 
 1.25892541e+03  9.77999196e-02 
 1.28824955e+03  1.03275228e-01 
 1.31825674e+03  1.09030991e-01 
 1.34896288e+03  1.15080546e-01 
 1.38038426e+03  1.21437860e-01 
 1.41253754e+03  1.28117563e-01 
 1.44543977e+03  1.35134983e-01 
 1.47910839e+03  1.42506177e-01 
 1.51356125e+03  1.50247975e-01 
 1.54881662e+03  1.58378013e-01 
 1.58489319e+03  1.66914780e-01 
 1.62181010e+03  1.75877654e-01 
 1.65958691e+03  1.85286955e-01 
 1.69824365e+03  1.95163983e-01 
 1.73780083e+03  2.05531076e-01 
 1.77827941e+03  2.16411655e-01 
 1.81970086e+03  2.27830280e-01 
 1.86208714e+03  2.39812704e-01 
 1.90546072e+03  2.52385930e-01 
 1.94984460e+03  2.65578275e-01 
 1.99526231e+03  2.79419425e-01 
 2.04173794e+03  2.93940503e-01 
 2.08929613e+03  3.09174132e-01 
 2.13796209e+03  3.25154505e-01 
 2.18776162e+03  3.41917449e-01 
 2.23872114e+03  3.59500496e-01 
 2.29086765e+03  3.77942954e-01 
 2.34422882e+03  3.97285975e-01 
 2.39883292e+03  4.17572627e-01 
 2.45470892e+03  4.38847961e-01 
 2.51188643e+03  4.61159076e-01 
 2.57039578e+03  4.84555186e-01 
 2.63026799e+03  5.09087675e-01 
 2.69153480e+03  5.34810151e-01 
 2.75422870e+03  5.61778495e-01 
 2.81838293e+03  5.90050889e-01 
 2.88403150e+03  6.19687846e-01 
 2.95120923e+03  6.50752213e-01 
 3.01995172e+03  6.83309160e-01 
 3.09029543e+03  7.17426149e-01 
 3.16227766e+03  7.53172868e-01 
 3.23593657e+03  7.90621142e-01 
 3.31131121e+03  8.29844793e-01 
 3.38844156e+03  8.70919469e-01 
 3.46736850e+03  9.13922407e-01 
 3.54813389e+03  9.58932140e-01 
 3.63078055e+03  1.00602813e+00 
 3.71535229e+03  1.05529033e+00 
 3.80189396e+03  1.10679862e+00 
 3.89045145e+03  1.16063218e+00 
 3.98107171e+03  1.21686871e+00 
 4.07380278e+03  1.27558354e+00 
 4.16869383e+03  1.33684856e+00 
 4.26579519e+03  1.40073105e+00 
 4.36515832e+03  1.46729226e+00 
 4.46683592e+03  1.53658587e+00 
 4.57088190e+03  1.60865626e+00 
 4.67735141e+03  1.68353654e+00 
 4.78630092e+03  1.76124643e+00 
 4.89778819e+03  1.84178999e+00 
 5.01187234e+03  1.92515317e+00 
 5.12861384e+03  2.01130120e+00 
 5.24807460e+03  2.10017605e+00 
 5.37031796e+03  2.19169371e+00 
 5.49540874e+03  2.28574173e+00 
 5.62341325e+03  2.38217684e+00 
 5.75439937e+03  2.48082292e+00 
 5.88843655e+03  2.58146938e+00 
 6.02559586e+03  2.68387021e+00 
 6.16595002e+03  2.78774371e+00 
 6.30957344e+03  2.89277311e+00 
 6.45654229e+03  2.99860828e+00 
 6.60693448e+03  3.10486850e+00 
 6.76082975e+03  3.21114643e+00 
 6.91830971e+03  3.31701329e+00 
 7.07945784e+03  3.42202518e+00 
 7.24435960e+03  3.52573026e+00 
 7.41310241e+03  3.62767690e+00 
 7.58577575e+03  3.72742214e+00 
 7.76247117e+03  3.82454041e+00 
 7.94328235e+03  3.91863197e+00 
 8.12830516e+03  4.00933085e+00 
 8.31763771e+03  4.09631174e+00 
 8.51138038e+03  4.17929571e+00 
 8.70963590e+03  4.25805445e+00 
 8.91250938e+03  4.33241282e+00 
 9.12010839e+03  4.40224983e+00 
 9.33254301e+03  4.46749797e+00 
 9.54992586e+03  4.52814101e+00 
 9.77237221e+03  4.58421064e+00 
 1.00000000e+04  4.63578203e+00 
 1.02329299e+04  4.68296866e+00 
 1.04712855e+04  4.72591669e+00 
 1.07151931e+04  4.76479921e+00 
 1.09647820e+04  4.79981042e+00 
 1.12201845e+04  4.83116017e+00 
 1.14815362e+04  4.85906878e+00 
 1.17489755e+04  4.88376247e+00 
 1.20226443e+04  4.90546923e+00 
 1.23026877e+04  4.92441540e+00 
 1.25892541e+04  4.94082272e+00 
 1.28824955e+04  4.95490608e+00 
 1.31825674e+04  4.96687163e+00 
 1.34896288e+04  4.97691552e+00 
 1.38038426e+04  4.98522296e+00 
 1.41253754e+04  4.99196766e+00 
 1.44543977e+04  4.99731157e+00 
 1.47910839e+04  5.00140487e+00 
 1.51356125e+04  5.00438613e+00 
 1.54881662e+04  5.00638266e+00 
 1.58489319e+04  5.00751097e+00 
 1.62181010e+04  5.00787723e+00 
 1.65958691e+04  5.00757793e+00 
 1.69824365e+04  5.00670042e+00 
 1.73780083e+04  5.00532356e+00 
 1.77827941e+04  5.00351834e+00 
 1.81970086e+04  5.00134849e+00 
 1.86208714e+04  4.99887106e+00 
 1.90546072e+04  4.99613697e+00 
 1.94984460e+04  4.99319158e+00 
 1.99526231e+04  4.99007517e+00 
 2.04173794e+04  4.98682340e+00 
 2.08929613e+04  4.98346777e+00 
 2.13796209e+04  4.98003599e+00 
 2.18776162e+04  4.97655239e+00 
 2.23872114e+04  4.97303823e+00 
 2.29086765e+04  4.96951203e+00 
 2.34422882e+04  4.96598984e+00 
 2.39883292e+04  4.96248550e+00 
 2.45470892e+04  4.95901090e+00 
 2.51188643e+04  4.95557614e+00 
 2.57039578e+04  4.95218979e+00 
 2.63026799e+04  4.94885900e+00 
 2.69153480e+04  4.94558969e+00 
 2.75422870e+04  4.94238669e+00 
 2.81838293e+04  4.93925385e+00 
 2.88403150e+04  4.93619419e+00 
 2.95120923e+04  4.93320994e+00 
 3.01995172e+04  4.93030269e+00 
 3.09029543e+04  4.92747345e+00 
 3.16227766e+04  4.92472272e+00 
 3.23593657e+04  4.92205054e+00 
 3.31131121e+04  4.91945658e+00 
 3.38844156e+04  4.91694018e+00 
 3.46736850e+04  4.91450039e+00 
 3.54813389e+04  4.91213601e+00 
 3.63078055e+04  4.90984562e+00 
 3.71535229e+04  4.90762765e+00 
 3.80189396e+04  4.90548035e+00 
 3.89045145e+04  4.90340186e+00 
 3.98107171e+04  4.90139021e+00 
 4.07380278e+04  4.89944336e+00 
 4.16869383e+04  4.89755918e+00 
 4.26579519e+04  4.89573551e+00 
 4.36515832e+04  4.89397013e+00 
 4.46683592e+04  4.89226080e+00 
 4.57088190e+04  4.89060528e+00 
 4.67735141e+04  4.88900127e+00 
 4.78630092e+04  4.88744652e+00 
 4.89778819e+04  4.88593875e+00 
 5.01187234e+04  4.88447569e+00 
 5.12861384e+04  4.88305507e+00 
 5.24807460e+04  4.88167466e+00 
 5.37031796e+04  4.88033222e+00 
 5.49540874e+04  4.87902553e+00 
 5.62341325e+04  4.87775241e+00 
 5.75439937e+04  4.87651066e+00 
 5.88843655e+04  4.87529814e+00 
 6.02559586e+04  4.87411269e+00 
 6.16595002e+04  4.87295219e+00 
 6.30957344e+04  4.87181453e+00 
 6.45654229e+04  4.87069762e+00 
 6.60693448e+04  4.86959937e+00 
 6.76082975e+04  4.86851772e+00 
 6.91830971e+04  4.86745061e+00 
 7.07945784e+04  4.86639598e+00 
 7.24435960e+04  4.86535180e+00 
 7.41310241e+04  4.86431600e+00 
 7.58577575e+04  4.86328656e+00 
 7.76247117e+04  4.86226141e+00 
 7.94328235e+04  4.86123851e+00 
 8.12830516e+04  4.86021578e+00 
 8.31763771e+04  4.85919115e+00 
 8.51138038e+04  4.85816253e+00 
 8.70963590e+04  4.85712779e+00 
 8.91250938e+04  4.85608480e+00 
 9.12010839e+04  4.85503139e+00 
 9.33254301e+04  4.85396534e+00 
 9.54992586e+04  4.85288442e+00 
 9.77237221e+04  4.85178636e+00 
 1.00000000e+05  4.85066881e+00 
