 1.00000000e+00  1.00005198e+01 
 1.02329299e+00  1.00005196e+01 
 1.04712855e+00  1.00005194e+01 
 1.07151931e+00  1.00005191e+01 
 1.09647820e+00  1.00005189e+01 
 1.12201845e+00  1.00005187e+01 
 1.14815362e+00  1.00005184e+01 
 1.17489755e+00  1.00005182e+01 
 1.20226443e+00  1.00005179e+01 
 1.23026877e+00  1.00005176e+01 
 1.25892541e+00  1.00005173e+01 
 1.28824955e+00  1.00005170e+01 
 1.31825674e+00  1.00005166e+01 
 1.34896288e+00  1.00005163e+01 
 1.38038426e+00  1.00005159e+01 
 1.41253754e+00  1.00005156e+01 
 1.44543977e+00  1.00005152e+01 
 1.47910839e+00  1.00005147e+01 
 1.51356125e+00  1.00005143e+01 
 1.54881662e+00  1.00005138e+01 
 1.58489319e+00  1.00005134e+01 
 1.62181010e+00  1.00005129e+01 
 1.65958691e+00  1.00005123e+01 
 1.69824365e+00  1.00005118e+01 
 1.73780083e+00  1.00005112e+01 
 1.77827941e+00  1.00005106e+01 
 1.81970086e+00  1.00005100e+01 
 1.86208714e+00  1.00005093e+01 
 1.90546072e+00  1.00005086e+01 
 1.94984460e+00  1.00005079e+01 
 1.99526231e+00  1.00005071e+01 
 2.04173794e+00  1.00005064e+01 
 2.08929613e+00  1.00005055e+01 
 2.13796209e+00  1.00005046e+01 
 2.18776162e+00  1.00005037e+01 
 2.23872114e+00  1.00005028e+01 
 2.29086765e+00  1.00005018e+01 
 2.34422882e+00  1.00005007e+01 
 2.39883292e+00  1.00004996e+01 
 2.45470892e+00  1.00004985e+01 
 2.51188643e+00  1.00004973e+01 
 2.57039578e+00  1.00004960e+01 
 2.63026799e+00  1.00004947e+01 
 2.69153480e+00  1.00004933e+01 
 2.75422870e+00  1.00004919e+01 
 2.81838293e+00  1.00004904e+01 
 2.88403150e+00  1.00004888e+01 
 2.95120923e+00  1.00004871e+01 
 3.01995172e+00  1.00004854e+01 
 3.09029543e+00  1.00004836e+01 
 3.16227766e+00  1.00004817e+01 
 3.23593657e+00  1.00004797e+01 
 3.31131121e+00  1.00004776e+01 
 3.38844156e+00  1.00004754e+01 
 3.46736850e+00  1.00004731e+01 
 3.54813389e+00  1.00004707e+01 
 3.63078055e+00  1.00004682e+01 
 3.71535229e+00  1.00004655e+01 
 3.80189396e+00  1.00004628e+01 
 3.89045145e+00  1.00004599e+01 
 3.98107171e+00  1.00004569e+01 
 4.07380278e+00  1.00004537e+01 
 4.16869383e+00  1.00004504e+01 
 4.26579519e+00  1.00004469e+01 
 4.36515832e+00  1.00004433e+01 
 4.46683592e+00  1.00004395e+01 
 4.57088190e+00  1.00004355e+01 
 4.67735141e+00  1.00004314e+01 
 4.78630092e+00  1.00004270e+01 
 4.89778819e+00  1.00004224e+01 
 5.01187234e+00  1.00004176e+01 
 5.12861384e+00  1.00004126e+01 
 5.24807460e+00  1.00004074e+01 
 5.37031796e+00  1.00004019e+01 
 5.49540874e+00  1.00003961e+01 
 5.62341325e+00  1.00003901e+01 
 5.75439937e+00  1.00003838e+01 
 5.88843655e+00  1.00003772e+01 
 6.02559586e+00  1.00003702e+01 
 6.16595002e+00  1.00003630e+01 
 6.30957344e+00  1.00003554e+01 
 6.45654229e+00  1.00003475e+01 
 6.60693448e+00  1.00003391e+01 
 6.76082975e+00  1.00003304e+01 
 6.91830971e+00  1.00003213e+01 
 7.07945784e+00  1.00003117e+01 
 7.24435960e+00  1.00003017e+01 
 7.41310241e+00  1.00002913e+01 
 7.58577575e+00  1.00002803e+01 
 7.76247117e+00  1.00002688e+01 
 7.94328235e+00  1.00002568e+01 
 8.12830516e+00  1.00002442e+01 
 8.31763771e+00  1.00002310e+01 
 8.51138038e+00  1.00002172e+01 
 8.70963590e+00  1.00002027e+01 
 8.91250938e+00  1.00001876e+01 
 9.12010839e+00  1.00001717e+01 
 9.33254301e+00  1.00001551e+01 
 9.54992586e+00  1.00001378e+01 
 9.77237221e+00  1.00001196e+01 
 1.00000000e+01  1.00001005e+01 
 1.02329299e+01  1.00000805e+01 
 1.04712855e+01  1.00000596e+01 
 1.07151931e+01  1.00000378e+01 
 1.09647820e+01  1.00000148e+01 
 1.12201845e+01  9.99999085e+00 
 1.14815362e+01  9.99996573e+00 
 1.17489755e+01  9.99993942e+00 
 1.20226443e+01  9.99991187e+00 
 1.23026877e+01  9.99988302e+00 
 1.25892541e+01  9.99985282e+00 
 1.28824955e+01  9.99982119e+00 
 1.31825674e+01  9.99978807e+00 
 1.34896288e+01  9.99975339e+00 
 1.38038426e+01  9.99971707e+00 
 1.41253754e+01  9.99967905e+00 
 1.44543977e+01  9.99963923e+00 
 1.47910839e+01  9.99959754e+00 
 1.51356125e+01  9.99955388e+00 
 1.54881662e+01  9.99950816e+00 
 1.58489319e+01  9.99946029e+00 
 1.62181010e+01  9.99941017e+00 
 1.65958691e+01  9.99935768e+00 
 1.69824365e+01  9.99930272e+00 
 1.73780083e+01  9.99924517e+00 
 1.77827941e+01  9.99918491e+00 
 1.81970086e+01  9.99912181e+00 
 1.86208714e+01  9.99905574e+00 
 1.90546072e+01  9.99898656e+00 
 1.94984460e+01  9.99891411e+00 
 1.99526231e+01  9.99883825e+00 
 2.04173794e+01  9.99875882e+00 
 2.08929613e+01  9.99867565e+00 
 2.13796209e+01  9.99858856e+00 
 2.18776162e+01  9.99849737e+00 
 2.23872114e+01  9.99840188e+00 
 2.29086765e+01  9.99830189e+00 
 2.34422882e+01  9.99819719e+00 
 2.39883292e+01  9.99808756e+00 
 2.45470892e+01  9.99797277e+00 
 2.51188643e+01  9.99785257e+00 
 2.57039578e+01  9.99772671e+00 
 2.63026799e+01  9.99759493e+00 
 2.69153480e+01  9.99745693e+00 
 2.75422870e+01  9.99731244e+00 
 2.81838293e+01  9.99716114e+00 
 2.88403150e+01  9.99700272e+00 
 2.95120923e+01  9.99683684e+00 
 3.01995172e+01  9.99666314e+00 
 3.09029543e+01  9.99648127e+00 
 3.16227766e+01  9.99629084e+00 
 3.23593657e+01  9.99609143e+00 
 3.31131121e+01  9.99588265e+00 
 3.38844156e+01  9.99566403e+00 
 3.46736850e+01  9.99543512e+00 
 3.54813389e+01  9.99519544e+00 
 3.63078055e+01  9.99494447e+00 
 3.71535229e+01  9.99468169e+00 
 3.80189396e+01  9.99440655e+00 
 3.89045145e+01  9.99411846e+00 
 3.98107171e+01  9.99381681e+00 
 4.07380278e+01  9.99350096e+00 
 4.16869383e+01  9.99317026e+00 
 4.26579519e+01  9.99282400e+00 
 4.36515832e+01  9.99246145e+00 
 4.46683592e+01  9.99208184e+00 
 4.57088190e+01  9.99168438e+00 
 4.67735141e+01  9.99126823e+00 
 4.78630092e+01  9.99083251e+00 
 4.89778819e+01  9.99037630e+00 
 5.01187234e+01  9.98989864e+00 
 5.12861384e+01  9.98939853e+00 
 5.24807460e+01  9.98887491e+00 
 5.37031796e+01  9.98832668e+00 
 5.49540874e+01  9.98775268e+00 
 5.62341325e+01  9.98715172e+00 
 5.75439937e+01  9.98652253e+00 
 5.88843655e+01  9.98586378e+00 
 6.02559586e+01  9.98517409e+00 
 6.16595002e+01  9.98445202e+00 
 6.30957344e+01  9.98369604e+00 
 6.45654229e+01  9.98290458e+00 
 6.60693448e+01  9.98207598e+00 
 6.76082975e+01  9.98120849e+00 
 6.91830971e+01  9.98030031e+00 
 7.07945784e+01  9.97934953e+00 
 7.24435960e+01  9.97835417e+00 
 7.41310241e+01  9.97731215e+00 
 7.58577575e+01  9.97622128e+00 
 7.76247117e+01  9.97507930e+00 
 7.94328235e+01  9.97388382e+00 
 8.12830516e+01  9.97263236e+00 
 8.31763771e+01  9.97132231e+00 
 8.51138038e+01  9.96995094e+00 
 8.70963590e+01  9.96851541e+00 
 8.91250938e+01  9.96701273e+00 
 9.12010839e+01  9.96543980e+00 
 9.33254301e+01  9.96379336e+00 
 9.54992586e+01  9.96206999e+00 
 9.77237221e+01  9.96026614e+00 
 1.00000000e+02  9.95837808e+00 
 1.02329299e+02  9.95640193e+00 
 1.04712855e+02  9.95433361e+00 
 1.07151931e+02  9.95216889e+00 
 1.09647820e+02  9.94990330e+00 
 1.12201845e+02  9.94753221e+00 
 1.14815362e+02  9.94505078e+00 
 1.17489755e+02  9.94245393e+00 
 1.20226443e+02  9.93973637e+00 
 1.23026877e+02  9.93689256e+00 
 1.25892541e+02  9.93391674e+00 
 1.28824955e+02  9.93080287e+00 
 1.31825674e+02  9.92754466e+00 
 1.34896288e+02  9.92413553e+00 
 1.38038426e+02  9.92056862e+00 
 1.41253754e+02  9.91683676e+00 
 1.44543977e+02  9.91293248e+00 
 1.47910839e+02  9.90884799e+00 
 1.51356125e+02  9.90457514e+00 
 1.54881662e+02  9.90010544e+00 
 1.58489319e+02  9.89543006e+00 
 1.62181010e+02  9.89053976e+00 
 1.65958691e+02  9.88542492e+00 
 1.69824365e+02  9.88007552e+00 
 1.73780083e+02  9.87448111e+00 
 1.77827941e+02  9.86863081e+00 
 1.81970086e+02  9.86251328e+00 
 1.86208714e+02  9.85611673e+00 
 1.90546072e+02  9.84942888e+00 
 1.94984460e+02  9.84243693e+00 
 1.99526231e+02  9.83512759e+00 
 2.04173794e+02  9.82748702e+00 
 2.08929613e+02  9.81950084e+00 
 2.13796209e+02  9.81115410e+00 
 2.18776162e+02  9.80243127e+00 
 2.23872114e+02  9.79331621e+00 
 2.29086765e+02  9.78379218e+00 
 2.34422882e+02  9.77384178e+00 
 2.39883292e+02  9.76344698e+00 
 2.45470892e+02  9.75258906e+00 
 2.51188643e+02  9.74124866e+00 
 2.57039578e+02  9.72940566e+00 
 2.63026799e+02  9.71703928e+00 
 2.69153480e+02  9.70412798e+00 
 2.75422870e+02  9.69064949e+00 
 2.81838293e+02  9.67658077e+00 
 2.88403150e+02  9.66189804e+00 
 2.95120923e+02  9.64657673e+00 
 3.01995172e+02  9.63059147e+00 
 3.09029543e+02  9.61391611e+00 
 3.16227766e+02  9.59652370e+00 
 3.23593657e+02  9.57838648e+00 
 3.31131121e+02  9.55947589e+00 
 3.38844156e+02  9.53976256e+00 
 3.46736850e+02  9.51921630e+00 
 3.54813389e+02  9.49780615e+00 
 3.63078055e+02  9.47550034e+00 
 3.71535229e+02  9.45226631e+00 
 3.80189396e+02  9.42807076e+00 
 3.89045145e+02  9.40287961e+00 
 3.98107171e+02  9.37665807e+00 
 4.07380278e+02  9.34937064e+00 
 4.16869383e+02  9.32098115e+00 
 4.26579519e+02  9.29145278e+00 
 4.36515832e+02  9.26074810e+00 
 4.46683592e+02  9.22882913e+00 
 4.57088190e+02  9.19565738e+00 
 4.67735141e+02  9.16119387e+00 
 4.78630092e+02  9.12539924e+00 
 4.89778819e+02  9.08823378e+00 
 5.01187234e+02  9.04965749e+00 
 5.12861384e+02  9.00963017e+00 
 5.24807460e+02  8.96811150e+00 
 5.37031796e+02  8.92506112e+00 
 5.49540874e+02  8.88043869e+00 
 5.62341325e+02  8.83420403e+00 
 5.75439937e+02  8.78631718e+00 
 5.88843655e+02  8.73673853e+00 
 6.02559586e+02  8.68542891e+00 
 6.16595002e+02  8.63234970e+00 
 6.30957344e+02  8.57746294e+00 
 6.45654229e+02  8.52073148e+00 
 6.60693448e+02  8.46211907e+00 
 6.76082975e+02  8.40159049e+00 
 6.91830971e+02  8.33911166e+00 
 7.07945784e+02  8.27464981e+00 
 7.24435960e+02  8.20817357e+00 
 7.41310241e+02  8.13965310e+00 
 7.58577575e+02  8.06906022e+00 
 7.76247117e+02  7.99636856e+00 
 7.94328235e+02  7.92155363e+00 
 8.12830516e+02  7.84459300e+00 
 8.31763771e+02  7.76546635e+00 
 8.51138038e+02  7.68415565e+00 
 8.70963590e+02  7.60064522e+00 
 8.91250938e+02  7.51492183e+00 
 9.12010839e+02  7.42697485e+00 
 9.33254301e+02  7.33679625e+00 
 9.54992586e+02  7.24438076e+00 
 9.77237221e+02  7.14972589e+00 
 1.00000000e+03  7.05283201e+00 
 1.02329299e+03  6.95370242e+00 
 1.04712855e+03  6.85234336e+00 
 1.07151931e+03  6.74876408e+00 
 1.09647820e+03  6.64297683e+00 
 1.12201845e+03  6.53499693e+00 
 1.14815362e+03  6.42484270e+00 
 1.17489755e+03  6.31253552e+00 
 1.20226443e+03  6.19809981e+00 
 1.23026877e+03  6.08156298e+00 
 1.25892541e+03  5.96295543e+00 
 1.28824955e+03  5.84231050e+00 
 1.31825674e+03  5.71966444e+00 
 1.34896288e+03  5.59505640e+00 
 1.38038426e+03  5.46852832e+00 
 1.41253754e+03  5.34012495e+00 
 1.44543977e+03  5.20989379e+00 
 1.47910839e+03  5.07788506e+00 
 1.51356125e+03  4.94415166e+00 
 1.54881662e+03  4.80874923e+00 
 1.58489319e+03  4.67173610e+00 
 1.62181010e+03  4.53317339e+00 
 1.65958691e+03  4.39312508e+00 
 1.69824365e+03  4.25165814e+00 
 1.73780083e+03  4.10884277e+00 
 1.77827941e+03  3.96475265e+00 
 1.81970086e+03  3.81946536e+00 
 1.86208714e+03  3.67306293e+00 
 1.90546072e+03  3.52563253e+00 
 1.94984460e+03  3.37726744e+00 
 1.99526231e+03  3.22806835e+00 
 2.04173794e+03  3.07814501e+00 
 2.08929613e+03  2.92761857e+00 
 2.13796209e+03  2.77662456e+00 
 2.18776162e+03  2.62531709e+00 
 2.23872114e+03  2.47387451e+00 
 2.29086765e+03  2.32250727e+00 
 2.34422882e+03  2.17146904e+00 
 2.39883292e+03  2.02107245e+00 
 2.45470892e+03  1.87171197e+00 
 2.51188643e+03  1.72389760e+00 
 2.57039578e+03  1.57830513e+00 
 2.63026799e+03  1.43585227e+00 
 2.69153480e+03  1.29781461e+00 
 2.75422870e+03  1.16600103e+00 
 2.81838293e+03  1.04300980e+00 
 2.88403150e+03  9.32566014e-01 
 2.95120923e+03  8.39847847e-01 
 3.01995172e+03  7.71461966e-01 
 3.09029543e+03  7.34389914e-01 
 3.16227766e+03  7.33500894e-01 
 3.23593657e+03  7.68976616e-01 
 3.31131121e+03  8.36212410e-01 
 3.38844156e+03  9.28305730e-01 
 3.46736850e+03  1.03860779e+00 
 3.54813389e+03  1.16186272e+00 
 3.63078055e+03  1.29427471e+00 
 3.71535229e+03  1.43319197e+00 
 3.80189396e+03  1.57676745e+00 
 3.89045145e+03  1.72369839e+00 
 3.98107171e+03  1.87304719e+00 
 4.07380278e+03  2.02412282e+00 
 4.16869383e+03  2.17640299e+00 
 4.26579519e+03  2.32948270e+00 
 4.36515832e+03  2.48303984e+00 
 4.46683592e+03  2.63681184e+00 
 4.57088190e+03  2.79057955e+00 
 4.67735141e+03  2.94415600e+00 
 4.78630092e+03  3.09737833e+00 
 4.89778819e+03  3.25010206e+00 
 5.01187234e+03  3.40219686e+00 
 5.12861384e+03  3.55354348e+00 
 5.24807460e+03  3.70403146e+00 
 5.37031796e+03  3.85355744e+00 
 5.49540874e+03  4.00202387e+00 
 5.62341325e+03  4.14933813e+00 
 5.75439937e+03  4.29541179e+00 
 5.88843655e+03  4.44016012e+00 
 6.02559586e+03  4.58350178e+00 
 6.16595002e+03  4.72535853e+00 
 6.30957344e+03  4.86565512e+00 
 6.45654229e+03  5.00431918e+00 
 6.60693448e+03  5.14128122e+00 
 6.76082975e+03  5.27647462e+00 
 6.91830971e+03  5.40983571e+00 
 7.07945784e+03  5.54130379e+00 
 7.24435960e+03  5.67082126e+00 
 7.41310241e+03  5.79833367e+00 
 7.58577575e+03  5.92378986e+00 
 7.76247117e+03  6.04714202e+00 
 7.94328235e+03  6.16834582e+00 
 8.12830516e+03  6.28736045e+00 
 8.31763771e+03  6.40414876e+00 
 8.51138038e+03  6.51867726e+00 
 8.70963590e+03  6.63091622e+00 
 8.91250938e+03  6.74083972e+00 
 9.12010839e+03  6.84842560e+00 
 9.33254301e+03  6.95365558e+00 
 9.54992586e+03  7.05651514e+00 
 9.77237221e+03  7.15699357e+00 
 1.00000000e+04  7.25508390e+00 
 1.02329299e+04  7.35078286e+00 
 1.04712855e+04  7.44409076e+00 
 1.07151931e+04  7.53501148e+00 
 1.09647820e+04  7.62355228e+00 
 1.12201845e+04  7.70972377e+00 
 1.14815362e+04  7.79353971e+00 
 1.17489755e+04  7.87501692e+00 
 1.20226443e+04  7.95417513e+00 
 1.23026877e+04  8.03103680e+00 
 1.25892541e+04  8.10562699e+00 
 1.28824955e+04  8.17797316e+00 
 1.31825674e+04  8.24810506e+00 
 1.34896288e+04  8.31605448e+00 
 1.38038426e+04  8.38185514e+00 
 1.41253754e+04  8.44554250e+00 
 1.44543977e+04  8.50715357e+00 
 1.47910839e+04  8.56672675e+00 
 1.51356125e+04  8.62430169e+00 
 1.54881662e+04  8.67991906e+00 
 1.58489319e+04  8.73362049e+00 
 1.62181010e+04  8.78544831e+00 
 1.65958691e+04  8.83544547e+00 
 1.69824365e+04  8.88365540e+00 
 1.73780083e+04  8.93012182e+00 
 1.77827941e+04  8.97488867e+00 
 1.81970086e+04  9.01799996e+00 
 1.86208714e+04  9.05949967e+00 
 1.90546072e+04  9.09943160e+00 
 1.94984460e+04  9.13783935e+00 
 1.99526231e+04  9.17476614e+00 
 2.04173794e+04  9.21025480e+00 
 2.08929613e+04  9.24434764e+00 
 2.13796209e+04  9.27708639e+00 
 2.18776162e+04  9.30851216e+00 
 2.23872114e+04  9.33866536e+00 
 2.29086765e+04  9.36758562e+00 
 2.34422882e+04  9.39531182e+00 
 2.39883292e+04  9.42188196e+00 
 2.45470892e+04  9.44733320e+00 
 2.51188643e+04  9.47170177e+00 
 2.57039578e+04  9.49502298e+00 
 2.63026799e+04  9.51733120e+00 
 2.69153480e+04  9.53865980e+00 
 2.75422870e+04  9.55904119e+00 
 2.81838293e+04  9.57850677e+00 
 2.88403150e+04  9.59708694e+00 
 2.95120923e+04  9.61481110e+00 
 3.01995172e+04  9.63170762e+00 
 3.09029543e+04  9.64780388e+00 
 3.16227766e+04  9.66312622e+00 
 3.23593657e+04  9.67770002e+00 
 3.31131121e+04  9.69154962e+00 
 3.38844156e+04  9.70469838e+00 
 3.46736850e+04  9.71716868e+00 
 3.54813389e+04  9.72898193e+00 
 3.63078055e+04  9.74015855e+00 
 3.71535229e+04  9.75071803e+00 
 3.80189396e+04  9.76067890e+00 
 3.89045145e+04  9.77005877e+00 
 3.98107171e+04  9.77887432e+00 
 4.07380278e+04  9.78714132e+00 
 4.16869383e+04  9.79487465e+00 
 4.26579519e+04  9.80208831e+00 
 4.36515832e+04  9.80879541e+00 
 4.46683592e+04  9.81500822e+00 
 4.57088190e+04  9.82073814e+00 
 4.67735141e+04  9.82599575e+00 
 4.78630092e+04  9.83079078e+00 
 4.89778819e+04  9.83513216e+00 
 5.01187234e+04  9.83902801e+00 
 5.12861384e+04  9.84248563e+00 
 5.24807460e+04  9.84551156e+00 
 5.37031796e+04  9.84811153e+00 
 5.49540874e+04  9.85029049e+00 
 5.62341325e+04  9.85205264e+00 
 5.75439937e+04  9.85340141e+00 
 5.88843655e+04  9.85433945e+00 
 6.02559586e+04  9.85486867e+00 
 6.16595002e+04  9.85499023e+00 
 6.30957344e+04  9.85470452e+00 
 6.45654229e+04  9.85401120e+00 
 6.60693448e+04  9.85290918e+00 
 6.76082975e+04  9.85139661e+00 
 6.91830971e+04  9.84947091e+00 
 7.07945784e+04  9.84712873e+00 
 7.24435960e+04  9.84436600e+00 
 7.41310241e+04  9.84117787e+00 
 7.58577575e+04  9.83755876e+00 
 7.76247117e+04  9.83350230e+00 
 7.94328235e+04  9.82900141e+00 
 8.12830516e+04  9.82404819e+00 
 8.31763771e+04  9.81863401e+00 
 8.51138038e+04  9.81274945e+00 
 8.70963590e+04  9.80638431e+00 
 8.91250938e+04  9.79952763e+00 
 9.12010839e+04  9.79216762e+00 
 9.33254301e+04  9.78429174e+00 
 9.54992586e+04  9.77588662e+00 
 9.77237221e+04  9.76693810e+00 
 1.00000000e+05  9.75743122e+00 
