 1.00000000e+01  3.29066275e-05 
 1.02329299e+01  3.50144677e-05 
 1.04712855e+01  3.72488500e-05 
 1.07151931e+01  3.96166468e-05 
 1.09647820e+01  4.21250513e-05 
 1.12201845e+01  4.47815898e-05 
 1.14815362e+01  4.75941345e-05 
 1.17489755e+01  5.05709165e-05 
 1.20226443e+01  5.37205404e-05 
 1.23026877e+01  5.70519980e-05 
 1.25892541e+01  6.05746840e-05 
 1.28824955e+01  6.42984118e-05 
 1.31825674e+01  6.82334301e-05 
 1.34896288e+01  7.23904403e-05 
 1.38038426e+01  7.67806150e-05 
 1.41253754e+01  8.14156175e-05 
 1.44543977e+01  8.63076219e-05 
 1.47910839e+01  9.14693347e-05 
 1.51356125e+01  9.69140173e-05 
 1.54881662e+01  1.02655510e-04 
 1.58489319e+01  1.08708259e-04 
 1.62181010e+01  1.15087337e-04 
 1.65958691e+01  1.21808481e-04 
 1.69824365e+01  1.28888113e-04 
 1.73780083e+01  1.36343376e-04 
 1.77827941e+01  1.44192166e-04 
 1.81970086e+01  1.52453167e-04 
 1.86208714e+01  1.61145887e-04 
 1.90546072e+01  1.70290698e-04 
 1.94984460e+01  1.79908878e-04 
 1.99526231e+01  1.90022648e-04 
 2.04173794e+01  2.00655226e-04 
 2.08929613e+01  2.11830868e-04 
 2.13796209e+01  2.23574921e-04 
 2.18776162e+01  2.35913875e-04 
 2.23872114e+01  2.48875418e-04 
 2.29086765e+01  2.62488496e-04 
 2.34422882e+01  2.76783370e-04 
 2.39883292e+01  2.91791685e-04 
 2.45470892e+01  3.07546532e-04 
 2.51188643e+01  3.24082522e-04 
 2.57039578e+01  3.41435858e-04 
 2.63026799e+01  3.59644413e-04 
 2.69153480e+01  3.78747808e-04 
 2.75422870e+01  3.98787502e-04 
 2.81838293e+01  4.19806874e-04 
 2.88403150e+01  4.41851321e-04 
 2.95120923e+01  4.64968350e-04 
 3.01995172e+01  4.89207685e-04 
 3.09029543e+01  5.14621367e-04 
 3.16227766e+01  5.41263868e-04 
 3.23593657e+01  5.69192209e-04 
 3.31131121e+01  5.98466074e-04 
 3.38844156e+01  6.29147945e-04 
 3.46736850e+01  6.61303229e-04 
 3.54813389e+01  6.95000397e-04 
 3.63078055e+01  7.30311130e-04 
 3.71535229e+01  7.67310471e-04 
 3.80189396e+01  8.06076981e-04 
 3.89045145e+01  8.46692905e-04 
 3.98107171e+01  8.89244343e-04 
 4.07380278e+01  9.33821437e-04 
 4.16869383e+01  9.80518549e-04 
 4.26579519e+01  1.02943447e-03 
 4.36515832e+01  1.08067261e-03 
 4.46683592e+01  1.13434124e-03 
 4.57088190e+01  1.19055369e-03 
 4.67735141e+01  1.24942859e-03 
 4.78630092e+01  1.31109014e-03 
 4.89778819e+01  1.37566832e-03 
 5.01187234e+01  1.44329921e-03 
 5.12861384e+01  1.51412524e-03 
 5.24807460e+01  1.58829547e-03 
 5.37031796e+01  1.66596596e-03 
 5.49540874e+01  1.74729999e-03 
 5.62341325e+01  1.83246850e-03 
 5.75439937e+01  1.92165035e-03 
 5.88843655e+01  2.01503275e-03 
 6.02559586e+01  2.11281159e-03 
 6.16595002e+01  2.21519187e-03 
 6.30957344e+01  2.32238811e-03 
 6.45654229e+01  2.43462477e-03 
 6.60693448e+01  2.55213671e-03 
 6.76082975e+01  2.67516966e-03 
 6.91830971e+01  2.80398071e-03 
 7.07945784e+01  2.93883882e-03 
 7.24435960e+01  3.08002538e-03 
 7.41310241e+01  3.22783472e-03 
 7.58577575e+01  3.38257473e-03 
 7.76247117e+01  3.54456747e-03 
 7.94328235e+01  3.71414977e-03 
 8.12830516e+01  3.89167391e-03 
 8.31763771e+01  4.07750829e-03 
 8.51138038e+01  4.27203817e-03 
 8.70963590e+01  4.47566641e-03 
 8.91250938e+01  4.68881420e-03 
 9.12010839e+01  4.91192192e-03 
 9.33254301e+01  5.14544995e-03 
 9.54992586e+01  5.38987956e-03 
 9.77237221e+01  5.64571377e-03 
 1.00000000e+02  5.91347835e-03 
 1.02329299e+02  6.19372276e-03 
 1.04712855e+02  6.48702118e-03 
 1.07151931e+02  6.79397355e-03 
 1.09647820e+02  7.11520668e-03 
 1.12201845e+02  7.45137536e-03 
 1.14815362e+02  7.80316356e-03 
 1.17489755e+02  8.17128563e-03 
 1.20226443e+02  8.55648755e-03 
 1.23026877e+02  8.95954826e-03 
 1.25892541e+02  9.38128098e-03 
 1.28824955e+02  9.82253463e-03 
 1.31825674e+02  1.02841952e-02 
 1.34896288e+02  1.07671874e-02 
 1.38038426e+02  1.12724760e-02 
 1.41253754e+02  1.18010674e-02 
 1.44543977e+02  1.23540115e-02 
 1.47910839e+02  1.29324030e-02 
 1.51356125e+02  1.35373836e-02 
 1.54881662e+02  1.41701431e-02 
 1.58489319e+02  1.48319219e-02 
 1.62181010e+02  1.55240123e-02 
 1.65958691e+02  1.62477608e-02 
 1.69824365e+02  1.70045697e-02 
 1.73780083e+02  1.77958992e-02 
 1.77827941e+02  1.86232695e-02 
 1.81970086e+02  1.94882627e-02 
 1.86208714e+02  2.03925249e-02 
 1.90546072e+02  2.13377682e-02 
 1.94984460e+02  2.23257731e-02 
 1.99526231e+02  2.33583904e-02 
 2.04173794e+02  2.44375432e-02 
 2.08929613e+02  2.55652294e-02 
 2.13796209e+02  2.67435237e-02 
 2.18776162e+02  2.79745798e-02 
 2.23872114e+02  2.92606322e-02 
 2.29086765e+02  3.06039988e-02 
 2.34422882e+02  3.20070826e-02 
 2.39883292e+02  3.34723741e-02 
 2.45470892e+02  3.50024527e-02 
 2.51188643e+02  3.65999894e-02 
 2.57039578e+02  3.82677479e-02 
 2.63026799e+02  4.00085868e-02 
 2.69153480e+02  4.18254611e-02 
 2.75422870e+02  4.37214237e-02 
 2.81838293e+02  4.56996271e-02 
 2.88403150e+02  4.77633241e-02 
 2.95120923e+02  4.99158693e-02 
 3.01995172e+02  5.21607201e-02 
 3.09029543e+02  5.45014370e-02 
 3.16227766e+02  5.69416845e-02 
 3.23593657e+02  5.94852310e-02 
 3.31131121e+02  6.21359491e-02 
 3.38844156e+02  6.48978152e-02 
 3.46736850e+02  6.77749089e-02 
 3.54813389e+02  7.07714123e-02 
 3.63078055e+02  7.38916086e-02 
 3.71535229e+02  7.71398809e-02 
 3.80189396e+02  8.05207098e-02 
 3.89045145e+02  8.40386716e-02 
 3.98107171e+02  8.76984356e-02 
 4.07380278e+02  9.15047609e-02 
 4.16869383e+02  9.54624931e-02 
 4.26579519e+02  9.95765603e-02 
 4.36515832e+02  1.03851969e-01 
 4.46683592e+02  1.08293800e-01 
 4.57088190e+02  1.12907203e-01 
 4.67735141e+02  1.17697388e-01 
 4.78630092e+02  1.22669628e-01 
 4.89778819e+02  1.27829241e-01 
 5.01187234e+02  1.33181596e-01 
 5.12861384e+02  1.38732094e-01 
 5.24807460e+02  1.44486171e-01 
 5.37031796e+02  1.50449285e-01 
 5.49540874e+02  1.56626910e-01 
 5.62341325e+02  1.63024526e-01 
 5.75439937e+02  1.69647617e-01 
 5.88843655e+02  1.76501657e-01 
 6.02559586e+02  1.83592104e-01 
 6.16595002e+02  1.90924392e-01 
 6.30957344e+02  1.98503926e-01 
 6.45654229e+02  2.06336069e-01 
 6.60693448e+02  2.14426140e-01 
 6.76082975e+02  2.22779403e-01 
 6.91830971e+02  2.31401062e-01 
 7.07945784e+02  2.40296256e-01 
 7.24435960e+02  2.49470050e-01 
 7.41310241e+02  2.58927431e-01 
 7.58577575e+02  2.68673308e-01 
 7.76247117e+02  2.78712498e-01 
 7.94328235e+02  2.89049735e-01 
 8.12830516e+02  2.99689655e-01 
 8.31763771e+02  3.10636805e-01 
 8.51138038e+02  3.21895635e-01 
 8.70963590e+02  3.33470499e-01 
 8.91250938e+02  3.45365658e-01 
 9.12010839e+02  3.57585278e-01 
 9.33254301e+02  3.70133434e-01 
 9.54992586e+02  3.83014109e-01 
 9.77237221e+02  3.96231202e-01 
 1.00000000e+03  4.09788529e-01 
 1.02329299e+03  4.23689826e-01 
 1.04712855e+03  4.37938754e-01 
 1.07151931e+03  4.52538905e-01 
 1.09647820e+03  4.67493807e-01 
 1.12201845e+03  4.82806927e-01 
 1.14815362e+03  4.98481678e-01 
 1.17489755e+03  5.14521423e-01 
 1.20226443e+03  5.30929481e-01 
 1.23026877e+03  5.47709128e-01 
 1.25892541e+03  5.64863608e-01 
 1.28824955e+03  5.82396127e-01 
 1.31825674e+03  6.00309865e-01 
 1.34896288e+03  6.18607971e-01 
 1.38038426e+03  6.37293571e-01 
 1.41253754e+03  6.56369760e-01 
 1.44543977e+03  6.75839610e-01 
 1.47910839e+03  6.95706163e-01 
 1.51356125e+03  7.15972427e-01 
 1.54881662e+03  7.36641378e-01 
 1.58489319e+03  7.57715949e-01 
 1.62181010e+03  7.79199022e-01 
 1.65958691e+03  8.01093428e-01 
 1.69824365e+03  8.23401926e-01 
 1.73780083e+03  8.46127202e-01 
 1.77827941e+03  8.69271850e-01 
 1.81970086e+03  8.92838361e-01 
 1.86208714e+03  9.16829105e-01 
 1.90546072e+03  9.41246318e-01 
 1.94984460e+03  9.66092077e-01 
 1.99526231e+03  9.91368288e-01 
 2.04173794e+03  1.01707666e+00 
 2.08929613e+03  1.04321867e+00 
 2.13796209e+03  1.06979558e+00 
 2.18776162e+03  1.09680835e+00 
 2.23872114e+03  1.12425766e+00 
 2.29086765e+03  1.15214388e+00 
 2.34422882e+03  1.18046700e+00 
 2.39883292e+03  1.20922664e+00 
 2.45470892e+03  1.23842202e+00 
 2.51188643e+03  1.26805190e+00 
 2.57039578e+03  1.29811455e+00 
 2.63026799e+03  1.32860778e+00 
 2.69153480e+03  1.35952879e+00 
 2.75422870e+03  1.39087427e+00 
 2.81838293e+03  1.42264027e+00 
 2.88403150e+03  1.45482219e+00 
 2.95120923e+03  1.48741477e+00 
 3.01995172e+03  1.52041206e+00 
 3.09029543e+03  1.55380736e+00 
 3.16227766e+03  1.58759320e+00 
 3.23593657e+03  1.62176133e+00 
 3.31131121e+03  1.65630267e+00 
 3.38844156e+03  1.69120731e+00 
 3.46736850e+03  1.72646446e+00 
 3.54813389e+03  1.76206247e+00 
 3.63078055e+03  1.79798877e+00 
 3.71535229e+03  1.83422987e+00 
 3.80189396e+03  1.87077138e+00 
 3.89045145e+03  1.90759797e+00 
 3.98107171e+03  1.94469338e+00 
 4.07380278e+03  1.98204042e+00 
 4.16869383e+03  2.01962098e+00 
 4.26579519e+03  2.05741606e+00 
 4.36515832e+03  2.09540574e+00 
 4.46683592e+03  2.13356927e+00 
 4.57088190e+03  2.17188504e+00 
 4.67735141e+03  2.21033063e+00 
 4.78630092e+03  2.24888288e+00 
 4.89778819e+03  2.28751789e+00 
 5.01187234e+03  2.32621111e+00 
 5.12861384e+03  2.36493736e+00 
 5.24807460e+03  2.40367093e+00 
 5.37031796e+03  2.44238562e+00 
 5.49540874e+03  2.48105482e+00 
 5.62341325e+03  2.51965158e+00 
 5.75439937e+03  2.55814870e+00 
 5.88843655e+03  2.59651882e+00 
 6.02559586e+03  2.63473448e+00 
 6.16595002e+03  2.67276823e+00 
 6.30957344e+03  2.71059273e+00 
 6.45654229e+03  2.74818081e+00 
 6.60693448e+03  2.78550559e+00 
 6.76082975e+03  2.82254057e+00 
 6.91830971e+03  2.85925972e+00 
 7.07945784e+03  2.89563754e+00 
 7.24435960e+03  2.93164921e+00 
 7.41310241e+03  2.96727062e+00 
 7.58577575e+03  3.00247846e+00 
 7.76247117e+03  3.03725033e+00 
 7.94328235e+03  3.07156478e+00 
 8.12830516e+03  3.10540138e+00 
 8.31763771e+03  3.13874079e+00 
 8.51138038e+03  3.17156481e+00 
 8.70963590e+03  3.20385643e+00 
 8.91250938e+03  3.23559986e+00 
 9.12010839e+03  3.26678057e+00 
 9.33254301e+03  3.29738533e+00 
 9.54992586e+03  3.32740220e+00 
 9.77237221e+03  3.35682058e+00 
 1.00000000e+04  3.38563115e+00 
 1.02329299e+04  3.41382595e+00 
 1.04712855e+04  3.44139830e+00 
 1.07151931e+04  3.46834284e+00 
 1.09647820e+04  3.49465546e+00 
 1.12201845e+04  3.52033331e+00 
 1.14815362e+04  3.54537473e+00 
 1.17489755e+04  3.56977926e+00 
 1.20226443e+04  3.59354754e+00 
 1.23026877e+04  3.61668134e+00 
 1.25892541e+04  3.63918343e+00 
 1.28824955e+04  3.66105758e+00 
 1.31825674e+04  3.68230851e+00 
 1.34896288e+04  3.70294178e+00 
 1.38038426e+04  3.72296380e+00 
 1.41253754e+04  3.74238175e+00 
 1.44543977e+04  3.76120348e+00 
 1.47910839e+04  3.77943752e+00 
 1.51356125e+04  3.79709297e+00 
 1.54881662e+04  3.81417948e+00 
 1.58489319e+04  3.83070717e+00 
 1.62181010e+04  3.84668659e+00 
 1.65958691e+04  3.86212863e+00 
 1.69824365e+04  3.87704455e+00 
 1.73780083e+04  3.89144584e+00 
 1.77827941e+04  3.90534423e+00 
 1.81970086e+04  3.91875162e+00 
 1.86208714e+04  3.93168006e+00 
 1.90546072e+04  3.94414169e+00 
 1.94984460e+04  3.95614871e+00 
 1.99526231e+04  3.96771332e+00 
 2.04173794e+04  3.97884775e+00 
 2.08929613e+04  3.98956417e+00 
 2.13796209e+04  3.99987467e+00 
 2.18776162e+04  4.00979127e+00 
 2.23872114e+04  4.01932585e+00 
 2.29086765e+04  4.02849017e+00 
 2.34422882e+04  4.03729582e+00 
 2.39883292e+04  4.04575422e+00 
 2.45470892e+04  4.05387658e+00 
 2.51188643e+04  4.06167395e+00 
 2.57039578e+04  4.06915711e+00 
 2.63026799e+04  4.07633664e+00 
 2.69153480e+04  4.08322290e+00 
 2.75422870e+04  4.08982597e+00 
 2.81838293e+04  4.09615570e+00 
 2.88403150e+04  4.10222170e+00 
 2.95120923e+04  4.10803330e+00 
 3.01995172e+04  4.11359958e+00 
 3.09029543e+04  4.11892936e+00 
 3.16227766e+04  4.12403119e+00 
 3.23593657e+04  4.12891335e+00 
 3.31131121e+04  4.13358389e+00 
 3.38844156e+04  4.13805057e+00 
 3.46736850e+04  4.14232090e+00 
 3.54813389e+04  4.14640213e+00 
 3.63078055e+04  4.15030126e+00 
 3.71535229e+04  4.15402505e+00 
 3.80189396e+04  4.15757999e+00 
 3.89045145e+04  4.16097235e+00 
 3.98107171e+04  4.16420815e+00 
 4.07380278e+04  4.16729317e+00 
 4.16869383e+04  4.17023297e+00 
 4.26579519e+04  4.17303289e+00 
 4.36515832e+04  4.17569802e+00 
 4.46683592e+04  4.17823327e+00 
 4.57088190e+04  4.18064332e+00 
 4.67735141e+04  4.18293263e+00 
 4.78630092e+04  4.18510549e+00 
 4.89778819e+04  4.18716596e+00 
 5.01187234e+04  4.18911794e+00 
 5.12861384e+04  4.19096510e+00 
 5.24807460e+04  4.19271096e+00 
 5.37031796e+04  4.19435885e+00 
 5.49540874e+04  4.19591191e+00 
 5.62341325e+04  4.19737314e+00 
 5.75439937e+04  4.19874533e+00 
 5.88843655e+04  4.20003114e+00 
 6.02559586e+04  4.20123306e+00 
 6.16595002e+04  4.20235340e+00 
 6.30957344e+04  4.20339436e+00 
 6.45654229e+04  4.20435795e+00 
 6.60693448e+04  4.20524604e+00 
 6.76082975e+04  4.20606037e+00 
 6.91830971e+04  4.20680252e+00 
 7.07945784e+04  4.20747394e+00 
 7.24435960e+04  4.20807593e+00 
 7.41310241e+04  4.20860965e+00 
 7.58577575e+04  4.20907615e+00 
 7.76247117e+04  4.20947631e+00 
 7.94328235e+04  4.20981091e+00 
 8.12830516e+04  4.21008056e+00 
 8.31763771e+04  4.21028579e+00 
 8.51138038e+04  4.21042694e+00 
 8.70963590e+04  4.21050427e+00 
 8.91250938e+04  4.21051787e+00 
 9.12010839e+04  4.21046773e+00 
 9.33254301e+04  4.21035369e+00 
 9.54992586e+04  4.21017546e+00 
 9.77237221e+04  4.20993261e+00 
 1.00000000e+05  4.20962460e+00 
