 1.00000000e+00  6.15855588e-14 
 1.02329299e+00  6.75270340e-14 
 1.04712855e+00  7.40417233e-14 
 1.07151931e+00  8.11849287e-14 
 1.09647820e+00  8.90172880e-14 
 1.12201845e+00  9.76052890e-14 
 1.14815362e+00  1.07021834e-13 
 1.17489755e+00  1.17346859e-13 
 1.20226443e+00  1.28668013e-13 
 1.23026877e+00  1.41081399e-13 
 1.25892541e+00  1.54692392e-13 
 1.28824955e+00  1.69616537e-13 
 1.31825674e+00  1.85980522e-13 
 1.34896288e+00  2.03923260e-13 
 1.38038426e+00  2.23597066e-13 
 1.41253754e+00  2.45168949e-13 
 1.44543977e+00  2.68822032e-13 
 1.47910839e+00  2.94757103e-13 
 1.51356125e+00  3.23194325e-13 
 1.54881662e+00  3.54375100e-13 
 1.58489319e+00  3.88564119e-13 
 1.62181010e+00  4.26051612e-13 
 1.65958691e+00  4.67155809e-13 
 1.69824365e+00  5.12225641e-13 
 1.73780083e+00  5.61643704e-13 
 1.77827941e+00  6.15829508e-13 
 1.81970086e+00  6.75243035e-13 
 1.86208714e+00  7.40388643e-13 
 1.90546072e+00  8.11819352e-13 
 1.94984460e+00  8.90141537e-13 
 1.99526231e+00  9.76020074e-13 
 2.04173794e+00  1.07018398e-12 
 2.08929613e+00  1.17343262e-12 
 2.13796209e+00  1.28664247e-12 
 2.18776162e+00  1.41077455e-12 
 2.23872114e+00  1.54688264e-12 
 2.29086765e+00  1.69612215e-12 
 2.34422882e+00  1.85975998e-12 
 2.39883292e+00  2.03918524e-12 
 2.45470892e+00  2.23592108e-12 
 2.51188643e+00  2.45163758e-12 
 2.57039578e+00  2.68816598e-12 
 2.63026799e+00  2.94751416e-12 
 2.69153480e+00  3.23188372e-12 
 2.75422870e+00  3.54368868e-12 
 2.81838293e+00  3.88557597e-12 
 2.88403150e+00  4.26044786e-12 
 2.95120923e+00  4.67148665e-12 
 3.01995172e+00  5.12218164e-12 
 3.09029543e+00  5.61635881e-12 
 3.16227766e+00  6.15821322e-12 
 3.23593657e+00  6.75234469e-12 
 3.31131121e+00  7.40379681e-12 
 3.38844156e+00  8.11809978e-12 
 3.46736850e+00  8.90131731e-12 
 3.54813389e+00  9.76009817e-12 
 3.63078055e+00  1.07017326e-11 
 3.71535229e+00  1.17342141e-11 
 3.80189396e+00  1.28663074e-11 
 3.89045145e+00  1.41076230e-11 
 3.98107171e+00  1.54686983e-11 
 4.07380278e+00  1.69610876e-11 
 4.16869383e+00  1.85974599e-11 
 4.26579519e+00  2.03917062e-11 
 4.36515832e+00  2.23590582e-11 
 4.46683592e+00  2.45162165e-11 
 4.57088190e+00  2.68814935e-11 
 4.67735141e+00  2.94749680e-11 
 4.78630092e+00  3.23186562e-11 
 4.89778819e+00  3.54366982e-11 
 5.01187234e+00  3.88555631e-11 
 5.12861384e+00  4.26042738e-11 
 5.24807460e+00  4.67146532e-11 
 5.37031796e+00  5.12215946e-11 
 5.49540874e+00  5.61633574e-11 
 5.62341325e+00  6.15818925e-11 
 5.75439937e+00  6.75231981e-11 
 5.88843655e+00  7.40377101e-11 
 6.02559586e+00  8.11807304e-11 
 6.16595002e+00  8.90128964e-11 
 6.30957344e+00  9.76006957e-11 
 6.45654229e+00  1.07017030e-10 
 6.60693448e+00  1.17341836e-10 
 6.76082975e+00  1.28662761e-10 
 6.91830971e+00  1.41075908e-10 
 7.07945784e+00  1.54686654e-10 
 7.24435960e+00  1.69610541e-10 
 7.41310241e+00  1.85974257e-10 
 7.58577575e+00  2.03916716e-10 
 7.76247117e+00  2.23590232e-10 
 7.94328235e+00  2.45161814e-10 
 8.12830516e+00  2.68814584e-10 
 8.31763771e+00  2.94749333e-10 
 8.51138038e+00  3.23186220e-10 
 8.70963590e+00  3.54366650e-10 
 8.91250938e+00  3.88555313e-10 
 9.12010839e+00  4.26042439e-10 
 9.33254301e+00  4.67146259e-10 
 9.54992586e+00  5.12215704e-10 
 9.77237221e+00  5.61633373e-10 
 1.00000000e+01  6.15818774e-10 
 1.02329299e+01  6.75231891e-10 
 1.04712855e+01  7.40377085e-10 
 1.07151931e+01  8.11807377e-10 
 1.09647820e+01  8.90129143e-10 
 1.12201845e+01  9.76007263e-10 
 1.14815362e+01  1.07017076e-09 
 1.17489755e+01  1.17341900e-09 
 1.20226443e+01  1.28662845e-09 
 1.23026877e+01  1.41076017e-09 
 1.25892541e+01  1.54686792e-09 
 1.28824955e+01  1.69610712e-09 
 1.31825674e+01  1.85974467e-09 
 1.34896288e+01  2.03916972e-09 
 1.38038426e+01  2.23590541e-09 
 1.41253754e+01  2.45162185e-09 
 1.44543977e+01  2.68815027e-09 
 1.47910839e+01  2.94749858e-09 
 1.51356125e+01  3.23186842e-09 
 1.54881662e+01  3.54367383e-09 
 1.58489319e+01  3.88556174e-09 
 1.62181010e+01  4.26043449e-09 
 1.65958691e+01  4.67147440e-09 
 1.69824365e+01  5.12217084e-09 
 1.73780083e+01  5.61634981e-09 
 1.77827941e+01  6.15820646e-09 
 1.81970086e+01  6.75234066e-09 
 1.86208714e+01  7.40379609e-09 
 1.90546072e+01  8.11810304e-09 
 1.94984460e+01  8.90132535e-09 
 1.99526231e+01  9.76011189e-09 
 2.04173794e+01  1.07017530e-08 
 2.08929613e+01  1.17342425e-08 
 2.13796209e+01  1.28663452e-08 
 2.18776162e+01  1.41076717e-08 
 2.23872114e+01  1.54687599e-08 
 2.29086765e+01  1.69611643e-08 
 2.34422882e+01  1.85975541e-08 
 2.39883292e+01  2.03918209e-08 
 2.45470892e+01  2.23591966e-08 
 2.51188643e+01  2.45163826e-08 
 2.57039578e+01  2.68816916e-08 
 2.63026799e+01  2.94752033e-08 
 2.69153480e+01  3.23189345e-08 
 2.75422870e+01  3.54370262e-08 
 2.81838293e+01  3.88559487e-08 
 2.88403150e+01  4.26047259e-08 
 2.95120923e+01  4.67151821e-08 
 3.01995172e+01  5.12222121e-08 
 3.09029543e+01  5.61640772e-08 
 3.16227766e+01  6.15827302e-08 
 3.23593657e+01  6.75241717e-08 
 3.31131121e+01  7.40388402e-08 
 3.38844156e+01  8.11820408e-08 
 3.46736850e+01  8.90144145e-08 
 3.54813389e+01  9.76024529e-08 
 3.63078055e+01  1.07019063e-07 
 3.71535229e+01  1.17344185e-07 
 3.80189396e+01  1.28665474e-07 
 3.89045145e+01  1.41079040e-07 
 3.98107171e+01  1.54690268e-07 
 4.07380278e+01  1.69614708e-07 
 4.16869383e+01  1.85979061e-07 
 4.26579519e+01  2.03922252e-07 
 4.36515832e+01  2.23596609e-07 
 4.46683592e+01  2.45169158e-07 
 4.57088190e+01  2.68823040e-07 
 4.67735141e+01  2.94759065e-07 
 4.78630092e+01  3.23197420e-07 
 4.89778819e+01  3.54379535e-07 
 5.01187234e+01  3.88570134e-07 
 5.12861384e+01  4.26059485e-07 
 5.24807460e+01  4.67165859e-07 
 5.37031796e+01  5.12238239e-07 
 5.49540874e+01  5.61659278e-07 
 5.62341325e+01  6.15848550e-07 
 5.75439937e+01  6.75266113e-07 
 5.88843655e+01  7.40416412e-07 
 6.02559586e+01  8.11852566e-07 
 6.16595002e+01  8.90181065e-07 
 6.30957344e+01  9.76066916e-07 
 6.45654229e+01  1.07023929e-06 
 6.60693448e+01  1.17349772e-06 
 6.76082975e+01  1.28671888e-06 
 6.91830971e+01  1.41086403e-06 
 7.07945784e+01  1.54698721e-06 
 7.24435960e+01  1.69624412e-06 
 7.41310241e+01  1.85990201e-06 
 7.58577575e+01  2.03935040e-06 
 7.76247117e+01  2.23611289e-06 
 7.94328235e+01  2.45186009e-06 
 8.12830516e+01  2.68842383e-06 
 8.31763771e+01  2.94781269e-06 
 8.51138038e+01  3.23222908e-06 
 8.70963590e+01  3.54408791e-06 
 8.91250938e+01  3.88603716e-06 
 9.12010839e+01  4.26098030e-06 
 9.33254301e+01  4.67210102e-06 
 9.54992586e+01  5.12289021e-06 
 9.77237221e+01  5.61717564e-06 
 1.00000000e+02  6.15915448e-06 
 1.02329299e+02  6.75342893e-06 
 1.04712855e+02  7.40504533e-06 
 1.07151931e+02  8.11953701e-06 
 1.09647820e+02  8.90297134e-06 
 1.12201845e+02  9.76200120e-06 
 1.14815362e+02  1.07039216e-05 
 1.17489755e+02  1.17367315e-05 
 1.20226443e+02  1.28692019e-05 
 1.23026877e+02  1.41109504e-05 
 1.25892541e+02  1.54725229e-05 
 1.28824955e+02  1.69654829e-05 
 1.31825674e+02  1.86025102e-05 
 1.34896288e+02  2.03975085e-05 
 1.38038426e+02  2.23657235e-05 
 1.41253754e+02  2.45238724e-05 
 1.44543977e+02  2.68902862e-05 
 1.47910839e+02  2.94850652e-05 
 1.51356125e+02  3.23302503e-05 
 1.54881662e+02  3.54500097e-05 
 1.58489319e+02  3.88708452e-05 
 1.62181010e+02  4.26218167e-05 
 1.65958691e+02  4.67347897e-05 
 1.69824365e+02  5.12447062e-05 
 1.73780083e+02  5.61898816e-05 
 1.77827941e+02  6.16123307e-05 
 1.81970086e+02  6.75581253e-05 
 1.86208714e+02  7.40777852e-05 
 1.90546072e+02  8.12267088e-05 
 1.94984460e+02  8.90656437e-05 
 1.99526231e+02  9.76612039e-05 
 2.04173794e+02  1.07086436e-04 
 2.08929613e+02  1.17421442e-04 
 2.13796209e+02  1.28754058e-04 
 2.18776162e+02  1.41180605e-04 
 2.23872114e+02  1.54806708e-04 
 2.29086765e+02  1.69748192e-04 
 2.34422882e+02  1.86132073e-04 
 2.39883292e+02  2.04097633e-04 
 2.45470892e+02  2.23797613e-04 
 2.51188643e+02  2.45399508e-04 
 2.57039578e+02  2.69086994e-04 
 2.63026799e+02  2.95061496e-04 
 2.69153480e+02  3.23543901e-04 
 2.75422870e+02  3.54776437e-04 
 2.81838293e+02  3.89024743e-04 
 2.88403150e+02  4.26580127e-04 
 2.95120923e+02  4.67762049e-04 
 3.01995172e+02  5.12920846e-04 
 3.09029543e+02  5.62440715e-04 
 3.16227766e+02  6.16742990e-04 
 3.23593657e+02  6.76289733e-04 
 3.31131121e+02  7.41587671e-04 
 3.38844156e+02  8.13192520e-04 
 3.46736850e+02  8.91713719e-04 
 3.54813389e+02  9.77819631e-04 
 3.63078055e+02  1.07224324e-03 
 3.71535229e+02  1.17578840e-03 
 3.80189396e+02  1.28933669e-03 
 3.89045145e+02  1.41385495e-03 
 3.98107171e+02  1.55040348e-03 
 4.07380278e+02  1.70014513e-03 
 4.16869383e+02  1.86435520e-03 
 4.26579519e+02  2.04443230e-03 
 4.36515832e+02  2.24191027e-03 
 4.46683592e+02  2.45847129e-03 
 4.57088190e+02  2.69596016e-03 
 4.67735141e+02  2.95640004e-03 
 4.78630092e+02  3.24200970e-03 
 4.89778819e+02  3.55522236e-03 
 5.01187234e+02  3.89870642e-03 
 5.12861384e+02  4.27538812e-03 
 5.24807460e+02  4.68847643e-03 
 5.37031796e+02  5.14149027e-03 
 5.49540874e+02  5.63828836e-03 
 5.62341325e+02  6.18310192e-03 
 5.75439937e+02  6.78057043e-03 
 5.88843655e+02  7.43578086e-03 
 6.02559586e+02  8.15431058e-03 
 6.16595002e+02  8.94227427e-03 
 6.30957344e+02  9.80637533e-03 
 6.45654229e+02  1.07539620e-02 
 6.60693448e+02  1.17930889e-02 
 6.76082975e+02  1.29325838e-02 
 6.91830971e+02  1.41821213e-02 
 7.07945784e+02  1.55523026e-02 
 7.24435960e+02  1.70547424e-02 
 7.41310241e+02  1.87021645e-02 
 7.58577575e+02  2.05085052e-02 
 7.76247117e+02  2.24890254e-02 
 7.94328235e+02  2.46604337e-02 
 8.12830516e+02  2.70410185e-02 
 8.31763771e+02  2.96507925e-02 
 8.51138038e+02  3.25116482e-02 
 8.70963590e+02  3.56475261e-02 
 8.91250938e+02  3.90845960e-02 
 9.12010839e+02  4.28514519e-02 
 9.33254301e+02  4.69793209e-02 
 9.54992586e+02  5.15022868e-02 
 9.77237221e+02  5.64575269e-02 
 1.00000000e+03  6.18855648e-02 
 1.02329299e+03  6.78305351e-02 
 1.04712855e+03  7.43404615e-02 
 1.07151931e+03  8.14675462e-02 
 1.09647820e+03  8.92684668e-02 
 1.12201845e+03  9.78046798e-02 
 1.14815362e+03  1.07142724e-01 
 1.17489755e+03  1.17354520e-01 
 1.20226443e+03  1.28517659e-01 
 1.23026877e+03  1.40715664e-01 
 1.25892541e+03  1.54038229e-01 
 1.28824955e+03  1.68581402e-01 
 1.31825674e+03  1.84447710e-01 
 1.34896288e+03  2.01746194e-01 
 1.38038426e+03  2.20592348e-01 
 1.41253754e+03  2.41107905e-01 
 1.44543977e+03  2.63420478e-01 
 1.47910839e+03  2.87662981e-01 
 1.51356125e+03  3.13972821e-01 
 1.54881662e+03  3.42490815e-01 
 1.58489319e+03  3.73359779e-01 
 1.62181010e+03  4.06722773e-01 
 1.65958691e+03  4.42720949e-01 
 1.69824365e+03  4.81491001e-01 
 1.73780083e+03  5.23162183e-01 
 1.77827941e+03  5.67852939e-01 
 1.81970086e+03  6.15667155e-01 
 1.86208714e+03  6.66690124e-01 
 1.90546072e+03  7.20984329e-01 
 1.94984460e+03  7.78585197e-01 
 1.99526231e+03  8.39497006e-01 
 2.04173794e+03  9.03689196e-01 
 2.08929613e+03  9.71093306e-01 
 2.13796209e+03  1.04160082e+00 
 2.18776162e+03  1.11506218e+00 
 2.23872114e+03  1.19128711e+00 
 2.29086765e+03  1.27004646e+00 
 2.34422882e+03  1.35107562e+00 
 2.39883292e+03  1.43407933e+00 
 2.45470892e+03  1.51873782e+00 
 2.51188643e+03  1.60471393e+00 
 2.57039578e+03  1.69166089e+00 
 2.63026799e+03  1.77923024e+00 
 2.69153480e+03  1.86707951e+00 
 2.75422870e+03  1.95487931e+00 
 2.81838293e+03  2.04231934e+00 
 2.88403150e+03  2.12911326e+00 
 2.95120923e+03  2.21500221e+00 
 3.01995172e+03  2.29975689e+00 
 3.09029543e+03  2.38317843e+00 
 3.16227766e+03  2.46509813e+00 
 3.23593657e+03  2.54537620e+00 
 3.31131121e+03  2.62389989e+00 
 3.38844156e+03  2.70058103e+00 
 3.46736850e+03  2.77535343e+00 
 3.54813389e+03  2.84817006e+00 
 3.63078055e+03  2.91900033e+00 
 3.71535229e+03  2.98782756e+00 
 3.80189396e+03  3.05464661e+00 
 3.89045145e+03  3.11946178e+00 
 3.98107171e+03  3.18228505e+00 
 4.07380278e+03  3.24313453e+00 
 4.16869383e+03  3.30203320e+00 
 4.26579519e+03  3.35900791e+00 
 4.36515832e+03  3.41408850e+00 
 4.46683592e+03  3.46730722e+00 
 4.57088190e+03  3.51869820e+00 
 4.67735141e+03  3.56829705e+00 
 4.78630092e+03  3.61614061e+00 
 4.89778819e+03  3.66226666e+00 
 5.01187234e+03  3.70671383e+00 
 5.12861384e+03  3.74952140e+00 
 5.24807460e+03  3.79072920e+00 
 5.37031796e+03  3.83037753e+00 
 5.49540874e+03  3.86850705e+00 
 5.62341325e+03  3.90515872e+00 
 5.75439937e+03  3.94037368e+00 
 5.88843655e+03  3.97419320e+00 
 6.02559586e+03  4.00665857e+00 
 6.16595002e+03  4.03781104e+00 
 6.30957344e+03  4.06769170e+00 
 6.45654229e+03  4.09634143e+00 
 6.60693448e+03  4.12380078e+00 
 6.76082975e+03  4.15010993e+00 
 6.91830971e+03  4.17530858e+00 
 7.07945784e+03  4.19943586e+00 
 7.24435960e+03  4.22253031e+00 
 7.41310241e+03  4.24462979e+00 
 7.58577575e+03  4.26577139e+00 
 7.76247117e+03  4.28599145e+00 
 7.94328235e+03  4.30532543e+00 
 8.12830516e+03  4.32380796e+00 
 8.31763771e+03  4.34147272e+00 
 8.51138038e+03  4.35835248e+00 
 8.70963590e+03  4.37447904e+00 
 8.91250938e+03  4.38988324e+00 
 9.12010839e+03  4.40459494e+00 
 9.33254301e+03  4.41864301e+00 
 9.54992586e+03  4.43205534e+00 
 9.77237221e+03  4.44485883e+00 
 1.00000000e+04  4.45707941e+00 
 1.02329299e+04  4.46874206e+00 
 1.04712855e+04  4.47987079e+00 
 1.07151931e+04  4.49048871e+00 
 1.09647820e+04  4.50061797e+00 
 1.12201845e+04  4.51027987e+00 
 1.14815362e+04  4.51949481e+00 
 1.17489755e+04  4.52828236e+00 
 1.20226443e+04  4.53666124e+00 
 1.23026877e+04  4.54464938e+00 
 1.25892541e+04  4.55226394e+00 
 1.28824955e+04  4.55952131e+00 
 1.31825674e+04  4.56643718e+00 
 1.34896288e+04  4.57302650e+00 
 1.38038426e+04  4.57930357e+00 
 1.41253754e+04  4.58528203e+00 
 1.44543977e+04  4.59097489e+00 
 1.47910839e+04  4.59639454e+00 
 1.51356125e+04  4.60155281e+00 
 1.54881662e+04  4.60646096e+00 
 1.58489319e+04  4.61112971e+00 
 1.62181010e+04  4.61556926e+00 
 1.65958691e+04  4.61978932e+00 
 1.69824365e+04  4.62379911e+00 
 1.73780083e+04  4.62760741e+00 
 1.77827941e+04  4.63122254e+00 
 1.81970086e+04  4.63465242e+00 
 1.86208714e+04  4.63790454e+00 
 1.90546072e+04  4.64098602e+00 
 1.94984460e+04  4.64390359e+00 
 1.99526231e+04  4.64666363e+00 
 2.04173794e+04  4.64927217e+00 
 2.08929613e+04  4.65173492e+00 
 2.13796209e+04  4.65405724e+00 
 2.18776162e+04  4.65624421e+00 
 2.23872114e+04  4.65830061e+00 
 2.29086765e+04  4.66023091e+00 
 2.34422882e+04  4.66203933e+00 
 2.39883292e+04  4.66372982e+00 
 2.45470892e+04  4.66530604e+00 
 2.51188643e+04  4.66677145e+00 
 2.57039578e+04  4.66812924e+00 
 2.63026799e+04  4.66938235e+00 
 2.69153480e+04  4.67053352e+00 
 2.75422870e+04  4.67158526e+00 
 2.81838293e+04  4.67253986e+00 
 2.88403150e+04  4.67339939e+00 
 2.95120923e+04  4.67416573e+00 
 3.01995172e+04  4.67484056e+00 
 3.09029543e+04  4.67542533e+00 
 3.16227766e+04  4.67592133e+00 
 3.23593657e+04  4.67632965e+00 
 3.31131121e+04  4.67665117e+00 
 3.38844156e+04  4.67688661e+00 
 3.46736850e+04  4.67703648e+00 
 3.54813389e+04  4.67710113e+00 
 3.63078055e+04  4.67708070e+00 
 3.71535229e+04  4.67697517e+00 
 3.80189396e+04  4.67678433e+00 
 3.89045145e+04  4.67650776e+00 
 3.98107171e+04  4.67614490e+00 
 4.07380278e+04  4.67569498e+00 
 4.16869383e+04  4.67515704e+00 
 4.26579519e+04  4.67452993e+00 
 4.36515832e+04  4.67381232e+00 
 4.46683592e+04  4.67300268e+00 
 4.57088190e+04  4.67209929e+00 
 4.67735141e+04  4.67110021e+00 
 4.78630092e+04  4.67000330e+00 
 4.89778819e+04  4.66880623e+00 
 5.01187234e+04  4.66750642e+00 
 5.12861384e+04  4.66610111e+00 
 5.24807460e+04  4.66458728e+00 
 5.37031796e+04  4.66296169e+00 
 5.49540874e+04  4.66122085e+00 
 5.62341325e+04  4.65936105e+00 
 5.75439937e+04  4.65737830e+00 
 5.88843655e+04  4.65526834e+00 
 6.02559586e+04  4.65302666e+00 
 6.16595002e+04  4.65064845e+00 
 6.30957344e+04  4.64812861e+00 
 6.45654229e+04  4.64546175e+00 
 6.60693448e+04  4.64264215e+00 
 6.76082975e+04  4.63966377e+00 
 6.91830971e+04  4.63652022e+00 
 7.07945784e+04  4.63320477e+00 
 7.24435960e+04  4.62971032e+00 
 7.41310241e+04  4.62602938e+00 
 7.58577575e+04  4.62215408e+00 
 7.76247117e+04  4.61807612e+00 
 7.94328235e+04  4.61378679e+00 
 8.12830516e+04  4.60927690e+00 
 8.31763771e+04  4.60453684e+00 
 8.51138038e+04  4.59955648e+00 
 8.70963590e+04  4.59432521e+00 
 8.91250938e+04  4.58883189e+00 
 9.12010839e+04  4.58306483e+00 
 9.33254301e+04  4.57701178e+00 
 9.54992586e+04  4.57065992e+00 
 9.77237221e+04  4.56399580e+00 
 1.00000000e+05  4.55700535e+00 
