 1.00000000e+02  5.00017537e+00 
 1.02329299e+02  5.00017103e+00 
 1.04712855e+02  5.00016649e+00 
 1.07151931e+02  5.00016173e+00 
 1.09647820e+02  5.00015675e+00 
 1.12201845e+02  5.00015153e+00 
 1.14815362e+02  5.00014607e+00 
 1.17489755e+02  5.00014035e+00 
 1.20226443e+02  5.00013436e+00 
 1.23026877e+02  5.00012809e+00 
 1.25892541e+02  5.00012152e+00 
 1.28824955e+02  5.00011465e+00 
 1.31825674e+02  5.00010745e+00 
 1.34896288e+02  5.00009991e+00 
 1.38038426e+02  5.00009202e+00 
 1.41253754e+02  5.00008375e+00 
 1.44543977e+02  5.00007510e+00 
 1.47910839e+02  5.00006604e+00 
 1.51356125e+02  5.00005656e+00 
 1.54881662e+02  5.00004662e+00 
 1.58489319e+02  5.00003622e+00 
 1.62181010e+02  5.00002533e+00 
 1.65958691e+02  5.00001393e+00 
 1.69824365e+02  5.00000200e+00 
 1.73780083e+02  4.99998950e+00 
 1.77827941e+02  4.99997641e+00 
 1.81970086e+02  4.99996271e+00 
 1.86208714e+02  4.99994836e+00 
 1.90546072e+02  4.99993334e+00 
 1.94984460e+02  4.99991762e+00 
 1.99526231e+02  4.99990115e+00 
 2.04173794e+02  4.99988391e+00 
 2.08929613e+02  4.99986586e+00 
 2.13796209e+02  4.99984697e+00 
 2.18776162e+02  4.99982718e+00 
 2.23872114e+02  4.99980647e+00 
 2.29086765e+02  4.99978478e+00 
 2.34422882e+02  4.99976208e+00 
 2.39883292e+02  4.99973831e+00 
 2.45470892e+02  4.99971342e+00 
 2.51188643e+02  4.99968737e+00 
 2.57039578e+02  4.99966009e+00 
 2.63026799e+02  4.99963154e+00 
 2.69153480e+02  4.99960165e+00 
 2.75422870e+02  4.99957035e+00 
 2.81838293e+02  4.99953759e+00 
 2.88403150e+02  4.99950330e+00 
 2.95120923e+02  4.99946739e+00 
 3.01995172e+02  4.99942981e+00 
 3.09029543e+02  4.99939047e+00 
 3.16227766e+02  4.99934928e+00 
 3.23593657e+02  4.99930617e+00 
 3.31131121e+02  4.99926105e+00 
 3.38844156e+02  4.99921381e+00 
 3.46736850e+02  4.99916437e+00 
 3.54813389e+02  4.99911261e+00 
 3.63078055e+02  4.99905845e+00 
 3.71535229e+02  4.99900175e+00 
 3.80189396e+02  4.99894241e+00 
 3.89045145e+02  4.99888030e+00 
 3.98107171e+02  4.99881530e+00 
 4.07380278e+02  4.99874727e+00 
 4.16869383e+02  4.99867607e+00 
 4.26579519e+02  4.99860156e+00 
 4.36515832e+02  4.99852359e+00 
 4.46683592e+02  4.99844199e+00 
 4.57088190e+02  4.99835660e+00 
 4.67735141e+02  4.99826726e+00 
 4.78630092e+02  4.99817377e+00 
 4.89778819e+02  4.99807595e+00 
 5.01187234e+02  4.99797360e+00 
 5.12861384e+02  4.99786651e+00 
 5.24807460e+02  4.99775448e+00 
 5.37031796e+02  4.99763728e+00 
 5.49540874e+02  4.99751467e+00 
 5.62341325e+02  4.99738641e+00 
 5.75439937e+02  4.99725225e+00 
 5.88843655e+02  4.99711192e+00 
 6.02559586e+02  4.99696515e+00 
 6.16595002e+02  4.99681165e+00 
 6.30957344e+02  4.99665112e+00 
 6.45654229e+02  4.99648324e+00 
 6.60693448e+02  4.99630770e+00 
 6.76082975e+02  4.99612416e+00 
 6.91830971e+02  4.99593225e+00 
 7.07945784e+02  4.99573163e+00 
 7.24435960e+02  4.99552190e+00 
 7.41310241e+02  4.99530267e+00 
 7.58577575e+02  4.99507354e+00 
 7.76247117e+02  4.99483406e+00 
 7.94328235e+02  4.99458381e+00 
 8.12830516e+02  4.99432232e+00 
 8.31763771e+02  4.99404911e+00 
 8.51138038e+02  4.99376369e+00 
 8.70963590e+02  4.99346554e+00 
 8.91250938e+02  4.99315414e+00 
 9.12010839e+02  4.99282893e+00 
 9.33254301e+02  4.99248934e+00 
 9.54992586e+02  4.99213479e+00 
 9.77237221e+02  4.99176468e+00 
 1.00000000e+03  4.99137836e+00 
 1.02329299e+03  4.99097520e+00 
 1.04712855e+03  4.99055453e+00 
 1.07151931e+03  4.99011566e+00 
 1.09647820e+03  4.98965789e+00 
 1.12201845e+03  4.98918049e+00 
 1.14815362e+03  4.98868272e+00 
 1.17489755e+03  4.98816381e+00 
 1.20226443e+03  4.98762298e+00 
 1.23026877e+03  4.98705944e+00 
 1.25892541e+03  4.98647236e+00 
 1.28824955e+03  4.98586092e+00 
 1.31825674e+03  4.98522428e+00 
 1.34896288e+03  4.98456157e+00 
 1.38038426e+03  4.98387192e+00 
 1.41253754e+03  4.98315446e+00 
 1.44543977e+03  4.98240829e+00 
 1.47910839e+03  4.98163254e+00 
 1.51356125e+03  4.98082629e+00 
 1.54881662e+03  4.97998867e+00 
 1.58489319e+03  4.97911879e+00 
 1.62181010e+03  4.97821576e+00 
 1.65958691e+03  4.97727872e+00 
 1.69824365e+03  4.97630682e+00 
 1.73780083e+03  4.97529923e+00 
 1.77827941e+03  4.97425516e+00 
 1.81970086e+03  4.97317385e+00 
 1.86208714e+03  4.97205456e+00 
 1.90546072e+03  4.97089662e+00 
 1.94984460e+03  4.96969942e+00 
 1.99526231e+03  4.96846240e+00 
 2.04173794e+03  4.96718508e+00 
 2.08929613e+03  4.96586706e+00 
 2.13796209e+03  4.96450804e+00 
 2.18776162e+03  4.96310781e+00 
 2.23872114e+03  4.96166628e+00 
 2.29086765e+03  4.96018350e+00 
 2.34422882e+03  4.95865963e+00 
 2.39883292e+03  4.95709500e+00 
 2.45470892e+03  4.95549008e+00 
 2.51188643e+03  4.95384553e+00 
 2.57039578e+03  4.95216218e+00 
 2.63026799e+03  4.95044105e+00 
 2.69153480e+03  4.94868338e+00 
 2.75422870e+03  4.94689059e+00 
 2.81838293e+03  4.94506433e+00 
 2.88403150e+03  4.94320646e+00 
 2.95120923e+03  4.94131905e+00 
 3.01995172e+03  4.93940436e+00 
 3.09029543e+03  4.93746488e+00 
 3.16227766e+03  4.93550324e+00 
 3.23593657e+03  4.93352221e+00 
 3.31131121e+03  4.93152469e+00 
 3.38844156e+03  4.92951361e+00 
 3.46736850e+03  4.92749187e+00 
 3.54813389e+03  4.92546230e+00 
 3.63078055e+03  4.92342745e+00 
 3.71535229e+03  4.92138957e+00 
 3.80189396e+03  4.91935034e+00 
 3.89045145e+03  4.91731070e+00 
 3.98107171e+03  4.91527062e+00 
 4.07380278e+03  4.91322872e+00 
 4.16869383e+03  4.91118198e+00 
 4.26579519e+03  4.90912520e+00 
 4.36515832e+03  4.90705056e+00 
 4.46683592e+03  4.90494690e+00 
 4.57088190e+03  4.90279899e+00 
 4.67735141e+03  4.90058667e+00 
 4.78630092e+03  4.89828373e+00 
 4.89778819e+03  4.89585670e+00 
 5.01187234e+03  4.89326340e+00 
 5.12861384e+03  4.89045126e+00 
 5.24807460e+03  4.88735531e+00 
 5.37031796e+03  4.88389599e+00 
 5.49540874e+03  4.87997650e+00 
 5.62341325e+03  4.87547992e+00 
 5.75439937e+03  4.87026586e+00 
 5.88843655e+03  4.86416682e+00 
 6.02559586e+03  4.85698416e+00 
 6.16595002e+03  4.84848381e+00 
 6.30957344e+03  4.83839175e+00 
 6.45654229e+03  4.82638949e+00 
 6.60693448e+03  4.81210973e+00 
 6.76082975e+03  4.79513263e+00 
 6.91830971e+03  4.77498304e+00 
 7.07945784e+03  4.75112941e+00 
 7.24435960e+03  4.72298510e+00 
 7.41310241e+03  4.68991298e+00 
 7.58577575e+03  4.65123428e+00 
 7.76247117e+03  4.60624276e+00 
 7.94328235e+03  4.55422495e+00 
 8.12830516e+03  4.49448707e+00 
 8.31763771e+03  4.42638837e+00 
 8.51138038e+03  4.34938019e+00 
 8.70963590e+03  4.26304851e+00 
 8.91250938e+03  4.16715694e+00 
 9.12010839e+03  4.06168585e+00 
 9.33254301e+03  3.94686294e+00 
 9.54992586e+03  3.82318051e+00 
 9.77237221e+03  3.69139561e+00 
 1.00000000e+04  3.55251136e+00 
 1.02329299e+04  3.40773980e+00 
 1.04712855e+04  3.25844950e+00 
 1.07151931e+04  3.10610307e+00 
 1.09647820e+04  2.95219094e+00 
 1.12201845e+04  2.79816789e+00 
 1.14815362e+04  2.64539794e+00 
 1.17489755e+04  2.49511109e+00 
 1.20226443e+04  2.34837402e+00 
 1.23026877e+04  2.20607444e+00 
 1.25892541e+04  2.06891768e+00 
 1.28824955e+04  1.93743317e+00 
 1.31825674e+04  1.81198803e+00 
 1.34896288e+04  1.69280517e+00 
 1.38038426e+04  1.57998363e+00 
 1.41253754e+04  1.47351936e+00 
 1.44543977e+04  1.37332516e+00 
 1.47910839e+04  1.27924887e+00 
 1.51356125e+04  1.19108954e+00 
 1.54881662e+04  1.10861119e+00 
 1.58489319e+04  1.03155433e+00 
 1.62181010e+04  9.59645417e-01 
 1.65958691e+04  8.92604335e-01 
 1.69824365e+04  8.30150253e-01 
 1.73780083e+04  7.72006101e-01 
 1.77827941e+04  7.17901880e-01 
 1.81970086e+04  6.67577029e-01 
 1.86208714e+04  6.20782038e-01 
 1.90546072e+04  5.77279471e-01 
 1.94984460e+04  5.36844517e-01 
 1.99526231e+04  4.99265194e-01 
 2.04173794e+04  4.64342292e-01 
 2.08929613e+04  4.31889111e-01 
 2.13796209e+04  4.01731071e-01 
 2.18776162e+04  3.73705223e-01 
 2.23872114e+04  3.47659698e-01 
 2.29086765e+04  3.23453130e-01 
 2.34422882e+04  3.00954049e-01 
 2.39883292e+04  2.80040287e-01 
 2.45470892e+04  2.60598390e-01 
 2.51188643e+04  2.42523040e-01 
 2.57039578e+04  2.25716512e-01 
 2.63026799e+04  2.10088145e-01 
 2.69153480e+04  1.95553850e-01 
 2.75422870e+04  1.82035639e-01 
 2.81838293e+04  1.69461188e-01 
 2.88403150e+04  1.57763426e-01 
 2.95120923e+04  1.46880148e-01 
 3.01995172e+04  1.36753665e-01 
 3.09029543e+04  1.27330464e-01 
 3.16227766e+04  1.18560908e-01 
 3.23593657e+04  1.10398941e-01 
 3.31131121e+04  1.02801833e-01 
 3.38844156e+04  9.57299248e-02 
 3.46736850e+04  8.91464092e-02 
 3.54813389e+04  8.30171163e-02 
 3.63078055e+04  7.73103209e-02 
 3.71535229e+04  7.19965624e-02 
 3.80189396e+04  6.70484788e-02 
 3.89045145e+04  6.24406532e-02 
 3.98107171e+04  5.81494716e-02 
 4.07380278e+04  5.41529918e-02 
 4.16869383e+04  5.04308218e-02 
 4.26579519e+04  4.69640071e-02 
 4.36515832e+04  4.37349276e-02 
 4.46683592e+04  4.07272006e-02 
 4.57088190e+04  3.79255923e-02 
 4.67735141e+04  3.53159351e-02 
 4.78630092e+04  3.28850516e-02 
 4.89778819e+04  3.06206837e-02 
 5.01187234e+04  2.85114275e-02 
 5.12861384e+04  2.65466722e-02 
 5.24807460e+04  2.47165445e-02 
 5.37031796e+04  2.30118561e-02 
 5.49540874e+04  2.14240555e-02 
 5.62341325e+04  1.99451834e-02 
 5.75439937e+04  1.85678310e-02 
 5.88843655e+04  1.72851016e-02 
 6.02559586e+04  1.60905749e-02 
 6.16595002e+04  1.49782735e-02 
 6.30957344e+04  1.39426327e-02 
 6.45654229e+04  1.29784713e-02 
 6.60693448e+04  1.20809654e-02 
 6.76082975e+04  1.12456236e-02 
 6.91830971e+04  1.04682642e-02 
 7.07945784e+04  9.74499384e-03 
 7.24435960e+04  9.07218756e-03 
 7.41310241e+04  8.44647060e-03 
 7.58577575e+04  7.86470116e-03 
 7.76247117e+04  7.32395448e-03 
 7.94328235e+04  6.82150795e-03 
 8.12830516e+04  6.35482731e-03 
 8.31763771e+04  5.92155370e-03 
 8.51138038e+04  5.51949161e-03 
 8.70963590e+04  5.14659763e-03 
 8.91250938e+04  4.80096982e-03 
 9.12010839e+04  4.48083789e-03 
 9.33254301e+04  4.18455383e-03 
 9.54992586e+04  3.91058315e-03 
 9.77237221e+04  3.65749664e-03 
 1.00000000e+05  3.42396251e-03 
