Cir [1 | 2 | 2 | 2 | 5 | 3] -> [2 | 0 | 2 | 0 | 3 | 4] -> [2 | 3 | 3 | 2 | 5 | 1] -> [3 | 0 | 3 | 0 | 5 | 3] -> [3 | 1002 | 1002 | 2 | 10 | 5] -> [1002 | 0 | 1002 | 0 | 1 | 4] -> [0.909888 | 6 | 2]
Sim 5.000000 500 500 1 100000
Fil 2.500000 0.000000 500 1000 0
1.000000e+000,2.499996e+000,2.500000e+000,1.346069e-005
1.122018e+000,2.499994e+000,2.500000e+000,1.863788e-005
1.258925e+000,2.499993e+000,2.499999e+000,2.174418e-005
1.412538e+000,2.499991e+000,2.499999e+000,2.795680e-005
1.584893e+000,2.499989e+000,2.499999e+000,3.520484e-005
1.778279e+000,2.499986e+000,2.499999e+000,4.348832e-005
1.995262e+000,2.499982e+000,2.499998e+000,5.591351e-005
2.238721e+000,2.499978e+000,2.499998e+000,7.040954e-005
2.511886e+000,2.499972e+000,2.499997e+000,8.801185e-005
2.818383e+000,2.499965e+000,2.499997e+000,1.097558e-004
3.162278e+000,2.499956e+000,2.499996e+000,1.397831e-004
3.548134e+000,2.499944e+000,2.499995e+000,1.770582e-004
3.981072e+000,2.499930e+000,2.499994e+000,2.215811e-004
4.466836e+000,2.499912e+000,2.499992e+000,2.795639e-004
5.011872e+000,2.499889e+000,2.499990e+000,3.510066e-004
5.623413e+000,2.499860e+000,2.499987e+000,4.421211e-004
6.309574e+000,2.499824e+000,2.499984e+000,5.570482e-004
7.079458e+000,2.499778e+000,2.499980e+000,7.009637e-004
7.943282e+000,2.499720e+000,2.499974e+000,8.821490e-004
8.912509e+000,2.499648e+000,2.499968e+000,1.110955e-003
1.000000e+001,2.499557e+000,2.499959e+000,1.397730e-003
1.122018e+001,2.499443e+000,2.499949e+000,1.757997e-003
1.258925e+001,2.499299e+000,2.499935e+000,2.212451e-003
1.412538e+001,2.499117e+000,2.499918e+000,2.783849e-003
1.584893e+001,2.498889e+000,2.499897e+000,3.501148e-003
1.778279e+001,2.498603e+000,2.499870e+000,4.403640e-003
1.995262e+001,2.498243e+000,2.499835e+000,5.536797e-003
2.238721e+001,2.497790e+000,2.499792e+000,6.958467e-003
2.511886e+001,2.497222e+000,2.499737e+000,8.741951e-003
2.818383e+001,2.496510e+000,2.499667e+000,1.097700e-002
3.162278e+001,2.495616e+000,2.499577e+000,1.377490e-002
3.548134e+001,2.494498e+000,2.499462e+000,1.726740e-002
3.981072e+001,2.493100e+000,2.499315e+000,2.162408e-002
4.466836e+001,2.491356e+000,2.499124e+000,2.703874e-002
5.011872e+001,2.489185e+000,2.498876e+000,3.374971e-002
5.623413e+001,2.486491e+000,2.498551e+000,4.202602e-002
6.309573e+001,2.483162e+000,2.498123e+000,5.217406e-002
7.079458e+001,2.479072e+000,2.497553e+000,6.451100e-002
7.943282e+001,2.474083e+000,2.496787e+000,7.934457e-002
8.912509e+001,2.468056e+000,2.495745e+000,9.690157e-002
1.000000e+002,2.460878e+000,2.494311e+000,1.172094e-001
1.122018e+002,2.452494e+000,2.492313e+000,1.398931e-001
1.258925e+002,2.442987e+000,2.489496e+000,1.638052e-001
1.412538e+002,2.432696e+000,2.485474e+000,1.864265e-001
1.584893e+002,2.422427e+000,2.479670e+000,2.028654e-001
1.778279e+002,2.413774e+000,2.471216e+000,2.042814e-001
1.995262e+002,2.409619e+000,2.458810e+000,1.755322e-001
2.238721e+002,2.414805e+000,2.440535e+000,9.205795e-002
2.511886e+002,2.436892e+000,2.413614e+000,-8.337009e-002
2.818383e+002,2.486613e+000,2.374183e+000,-4.018807e-001
3.162278e+002,2.577197e+000,2.317182e+000,-9.237502e-001
3.548134e+002,2.721459e+000,2.236632e+000,-1.704144e+000
3.981072e+002,2.926378e+000,2.126665e+000,-2.772627e+000
4.466836e+002,3.187186e+000,1.983519e+000,-4.119420e+000
5.011872e+002,3.485152e+000,1.808070e+000,-5.700131e+000
5.623413e+002,3.792006e+000,1.607445e+000,-7.454657e+000
6.309573e+002,4.079287e+000,1.394100e+000,-9.325804e+000
7.079458e+002,4.326962e+000,1.182340e+000,-1.126881e+001
7.943282e+002,4.526680e+000,9.843429e-001,-1.325267e+001
8.912509e+002,4.679636e+000,8.078616e-001,-1.525750e+001
1.000000e+003,4.792242e+000,6.561089e-001,-1.727126e+001
1.122018e+003,4.872395e+000,5.289313e-001,-1.928686e+001
1.258925e+003,4.927334e+000,4.242261e-001,-2.130029e+001
1.412538e+003,4.962796e+000,3.390511e-001,-2.330923e+001
1.584893e+003,4.982908e+000,2.703151e-001,-2.531225e+001
1.778279e+003,4.990383e+000,2.151375e-001,-2.730835e+001
1.995262e+003,4.986764e+000,1.709978e-001,-2.929657e+001
2.238721e+003,4.972649e+000,1.357687e-001,-3.127576e+001
2.511886e+003,4.947832e+000,1.076940e-001,-3.324447e+001
2.818383e+003,4.911395e+000,8.534328e-002,-3.520071e+001
3.162278e+003,4.861727e+000,6.756142e-002,-3.714183e+001
3.548134e+003,4.796514e+000,5.342086e-002,-3.906430e+001
3.981072e+003,4.712687e+000,4.217944e-002,-4.096336e+001
4.466836e+003,4.606357e+000,3.324470e-002,-4.283270e+001
5.011873e+003,4.472745e+000,2.614454e-002,-4.466386e+001
5.623413e+003,4.306144e+000,2.050323e-002,-4.644533e+001
6.309573e+003,4.099965e+000,1.602205e-002,-4.816124e+001
7.079458e+003,3.846921e+000,1.246383e-002,-4.978924e+001
7.943282e+003,3.539479e+000,9.640545e-003,-5.129675e+001
8.912510e+003,3.170669e+000,7.403444e-003,-5.263434e+001
1.000000e+004,2.735366e+000,5.635113e-003,-5.372226e+001
1.122018e+004,2.232022e+000,4.243040e-003,-5.442043e+001
1.258925e+004,1.664568e+000,3.154282e-003,-5.444802e+001
1.412538e+004,1.043885e+000,2.310918e-003,-5.309736e+001
1.584893e+004,3.880018e-001,1.666214e-003,-4.734206e+001
1.778279e+004,2.796248e-001,1.181531e-003,-4.748261e+001
1.995262e+004,9.336134e-001,8.241564e-004,-6.108315e+001
2.238721e+004,1.550853e+000,5.660849e-004,-6.875378e+001
2.511887e+004,2.113882e+000,3.835514e-004,-7.482514e+001
2.818383e+004,2.612432e+000,2.569183e-004,-8.014500e+001
3.162278e+004,3.043091e+000,1.705466e-004,-8.502944e+001
3.548134e+004,3.407777e+000,1.124670e-004,-8.962892e+001
3.981072e+004,3.711833e+000,7.385342e-005,-9.402435e+001
4.466836e+004,3.962340e+000,4.840432e-005,-9.826135e+001
5.011872e+004,4.166883e+000,3.173794e-005,-1.023647e+002
5.623413e+004,4.332773e+000,2.087084e-005,-1.063445e+002
6.309573e+004,4.466641e+000,1.380461e-005,-1.101991e+002
7.079458e+004,4.574263e+000,9.217406e-006,-1.139143e+002
7.943282e+004,4.660541e+000,6.243679e-006,-1.174599e+002
8.912509e+004,4.729561e+000,4.322001e-006,-1.207827e+002
1.000000e+005,4.784687e+000,3.093313e-006,-1.237886e+002
