Title: CIRCUITO GENERADO
Date: Sat Aug 10 23:05:19  2024
Plotname: AC Analysis
Flags: complex
No. Variables: 10
No. Points: 101
Variables:
	0	frequency	frequency grid=3
	1	v(1)	voltage
	2	v(2)	voltage
	3	v(3)	voltage
	4	v(1000)	voltage
	5	v(1002)	voltage
	6	l1#branch	current
	7	l2#branch	current
	8	l3#branch	current
	9	vs#branch	current
Values:
 0	1.000000000000000e+00,0.000000000000000e+00
	2.499995158929988e+00,1.425800768864579e-03
	2.499995110553707e+00,1.340977602964018e-03
	2.499989393545636e+00,-7.141339458784501e-03
	5.000000000000000e+00,0.000000000000000e+00
	2.499989387542111e+00,-7.143475733008109e-03
	5.000009682140024e-03,-2.851601537729158e-06
	5.000009960185179e-03,-3.369963311768668e-06
	4.999979448340949e-03,-1.405133301719758e-05
	-5.000009682140024e-03,2.851601537729158e-06

 1	1.122018454301963e+00,0.000000000000000e+00
	2.499993905466547e+00,1.599780689478418e-03
	2.499993844564192e+00,1.504607484267335e-03
	2.499986647255497e+00,-8.012713703126883e-03
	5.000000000000000e+00,0.000000000000000e+00
	2.499986639697507e+00,-8.015110639678214e-03
	5.000012189066907e-03,-3.199561378956836e-06
	5.000012539106384e-03,-3.781172560907683e-06
	4.999974126974915e-03,-1.576585332218629e-05
	-5.000012189066907e-03,3.199561378956836e-06

 2	1.258925411794167e+00,0.000000000000000e+00
	2.499992327456940e+00,1.794991811094325e-03
	2.499992250785062e+00,1.688205651088795e-03
	2.499983189875451e+00,-8.990411290622771e-03
	5.000000000000000e+00,0.000000000000000e+00
	2.499983180360507e+00,-8.993100694063753e-03
	5.000015345086119e-03,-3.589983622188650e-06
	5.000015785761876e-03,-4.242561685538470e-06
	4.999967427760729e-03,-1.768957607191003e-05
	-5.000015345086119e-03,3.589983622188650e-06

 3	1.412537544622754e+00,0.000000000000000e+00
	2.499990340872231e+00,2.014025738630851e-03
	2.499990244347490e+00,1.894209601231009e-03
	2.499978837282975e+00,-1.008740546818317e-02
	5.000000000000000e+00,0.000000000000000e+00
	2.499978825304374e+00,-1.009042302338507e-02
	5.000019318255538e-03,-4.028051477261702e-06
	5.000019873036873e-03,-4.760255519561863e-06
	4.999958993931903e-03,-1.984802754774318e-05
	-5.000019318255538e-03,4.028051477261703e-06

 4	1.584893192461113e+00,0.000000000000000e+00
	2.499987839928778e+00,2.259790715884015e-03
	2.499987718410432e+00,2.125354664112081e-03
	2.499973357679632e+00,-1.131825239096566e-02
	5.000000000000000e+00,0.000000000000000e+00
	2.499973342599469e+00,-1.132163813639930e-02
	5.000024320142444e-03,-4.519581431768029e-06
	5.000025018576200e-03,-5.341127049470217e-06
	4.999948376342192e-03,-2.226984859392352e-05
	-5.000024320142444e-03,4.519581431768029e-06

 5	1.778279410038922e+00,0.000000000000000e+00
	2.499984691456861e+00,2.535550432616680e-03
	2.499984538472908e+00,2.384710511640138e-03
	2.499966459245440e+00,-1.269928423862228e-02
	5.000000000000000e+00,0.000000000000000e+00
	2.499966440260644e+00,-1.270308309732454e-02
	5.000030617086278e-03,-5.071100865233361e-06
	5.000031496370892e-03,-5.992889036847353e-06
	4.999935009543862e-03,-2.498717460442840e-05
	-5.000030617086278e-03,5.071100865233361e-06

 6	1.995262314968879e+00,0.000000000000000e+00
	2.499980727812077e+00,2.844967637495085e-03
	2.499980535214438e+00,2.675722194184496e-03
	2.499957774595995e+00,-1.424882588382930e-02
	5.000000000000000e+00,0.000000000000000e+00
	2.499957750695560e+00,-1.425308825905294e-02
	5.000038544375847e-03,-5.689935274990171e-06
	5.000039651343242e-03,-6.724196958318701e-06
	4.999918181670726e-03,-2.803606185574534e-05
	-5.000038544375847e-03,5.689935274990171e-06

 7	2.238721138568339e+00,0.000000000000000e+00
	2.499975737952660e+00,3.192153172424618e-03
	2.499975495483030e+00,3.002256282703785e-03
	2.499946841214107e+00,-1.598743798217608e-02
	5.000000000000000e+00,0.000000000000000e+00
	2.499946811125256e+00,-1.599222042557239e-02
	5.000048524094679e-03,-6.384306344849235e-06
	5.000049917705693e-03,-7.544764700738960e-06
	4.999896996521007e-03,-3.145696583252745e-05
	-5.000048524094679e-03,6.384306344849235e-06

 8	2.511886431509579e+00,0.000000000000000e+00
	2.499969456208690e+00,3.581721130969668e-03
	2.499969150951855e+00,3.368652780918560e-03
	2.499933076813050e+00,-1.793818970061220e-02
	5.000000000000000e+00,0.000000000000000e+00
	2.499933038933449e+00,-1.794355566173599e-02
	5.000061087582619e-03,-7.163442261939336e-06
	5.000062842069226e-03,-8.465494648290961e-06
	4.999870325819221e-03,-3.529527787882486e-05
	-5.000061087582619e-03,7.163442261939336e-06

 9	2.818382931264452e+00,0.000000000000000e+00
	2.499961548146770e+00,4.018850946265388e-03
	2.499961163842219e+00,3.779783569268158e-03
	2.499915748318100e+00,-2.012696469143863e-02
	5.000000000000000e+00,0.000000000000000e+00
	2.499915700630540e+00,-2.013298535841243e-02
	5.000076903706459e-03,-8.037701892530777e-06
	5.000079112528570e-03,-9.498624030994594e-06
	4.999836749112160e-03,-3.960192727556753e-05
	-5.000076903706460e-03,8.037701892530777e-06

 10	3.162277660168377e+00,0.000000000000000e+00
	2.499951592780179e+00,4.509357336090297e-03
	2.499951108955206e+00,4.241118259131184e-03
	2.499893932812505e+00,-2.258280435502815e-02
	5.000000000000000e+00,0.000000000000000e+00
	2.499893872777474e+00,-2.258955959736743e-02
	5.000096814439643e-03,-9.018714672180594e-06
	5.000099595268048e-03,-1.065788967901855e-05
	4.999794478094158e-03,-4.443405670470793e-05
	-5.000096814439643e-03,9.018714672180594e-06

 11	3.548133892335751e+00,0.000000000000000e+00
	2.499939060181389e+00,5.059769179838505e-03
	2.499938451059321e+00,4.758798476584203e-03
	2.499866468364791e+00,-2.533829292225290e-02
	5.000000000000000e+00,0.000000000000000e+00
	2.499866392785242e+00,-2.534587234814616e-02
	5.000121879637223e-03,-1.011953835967701e-05
	5.000125380629255e-03,-1.195871365491472e-05
	4.999741261325019e-03,-4.985578002228614e-05
	-5.000121879637223e-03,1.011953835967701e-05

 12	3.981071705534969e+00,0.000000000000000e+00
	2.499923283311590e+00,5.677418581113715e-03
	2.499922516436655e+00,5.339721766804075e-03
	2.499831892113644e+00,-2.842998943259933e-02
	5.000000000000000e+00,0.000000000000000e+00
	2.499831796964753e+00,-2.843849357436664e-02
	5.000153433376821e-03,-1.135483716222743e-05
	5.000157841080969e-03,-1.341841263085417e-05
	4.999674264256162e-03,-5.593903233795369e-05
	-5.000153433376821e-03,1.135483716222743e-05

 13	4.466835921509626e+00,0.000000000000000e+00
	2.499903422577830e+00,6.370541590214000e-03
	2.499902457082931e+00,5.991636522582813e-03
	2.499788362304937e+00,-3.189891229217214e-02
	5.000000000000000e+00,0.000000000000000e+00
	2.499788242519777e+00,-3.190845393519980e-02
	5.000193154844340e-03,-1.274108318042800e-05
	5.000198704157933e-03,-1.505643435956781e-05
	4.999589918159393e-03,-6.276452359936182e-05
	-5.000193154844340e-03,1.274108318042800e-05

 14	5.011872336272718e+00,0.000000000000000e+00
	2.499878421247456e+00,7.148392336084903e-03
	2.499877205671759e+00,6.723249606327395e-03
	2.499733560116093e+00,-3.579108277355824e-02
	5.000000000000000e+00,0.000000000000000e+00
	2.499733409315822e+00,-3.580178844573279e-02
	5.000243157505088e-03,-1.429678467216981e-05
	5.000250144220335e-03,-1.689462518241004e-05
	4.999483729887080e-03,-7.042280821923783e-05
	-5.000243157505088e-03,1.429678467216981e-05

 15	5.623413251903484e+00,0.000000000000000e+00
	2.499846949372688e+00,8.021372665541621e-03
	2.499845418911495e+00,7.544348672273248e-03
	2.499664566018972e+00,-4.015813457335003e-02
	5.000000000000000e+00,0.000000000000000e+00
	2.499664376173173e+00,-4.017014621389235e-02
	5.000306101254624e-03,-1.604274533108324e-05
	5.000314897869122e-03,-1.895753326194825e-05
	4.999350042291368e-03,-7.901548477444963e-05
	-5.000306101254625e-03,1.604274533108324e-05

 16	6.309573444801925e+00,0.000000000000000e+00
	2.499807333282150e+00,9.001179833783096e-03
	2.499805406320522e+00,8.465941629226698e-03
	2.499577704064532e+00,-4.505799737945744e-02
	5.000000000000000e+00,0.000000000000000e+00
	2.499577465063615e+00,-4.507147420808160e-02
	5.000385333435699e-03,-1.800235966756619e-05
	5.000396409081997e-03,-2.127275316953182e-05
	4.999181732478253e-03,-8.865654146356692e-05
	-5.000385333435700e-03,1.800235966756619e-05

 17	7.079457843841370e+00,0.000000000000000e+00
	2.499757466952797e+00,1.010097536924078e-02
	2.499755040695021e+00,9.500416248371498e-03
	2.499468345745140e+00,-5.055566332515959e-02
	5.000000000000000e+00,0.000000000000000e+00
	2.499468044862055e+00,-5.057078393463561e-02
	5.000485066094407e-03,-2.020195073848156e-05
	5.000499011669929e-03,-2.387131866926775e-05
	4.998969831723514e-03,-9.947386484555055e-05
	-5.000485066094407e-03,2.020195073848156e-05

 18	7.943282347242804e+00,0.000000000000000e+00
	2.499694700650651e+00,1.133557899604181e-02
	2.499691645607591e+00,1.066172366342994e-02
	2.499330662907643e+00,-5.672404622506493e-02
	5.000000000000000e+00,0.000000000000000e+00
	2.499330284120253e+00,-5.674101092251681e-02
	5.000610598698697e-03,-2.267115799208362e-05
	5.000628158566024e-03,-2.678815211429029e-05
	4.998703046645040e-03,-1.116109314088743e-04
	-5.000610598698698e-03,2.267115799208362e-05

 19	8.912509381337442e+00,0.000000000000000e+00
	2.499615701081590e+00,1.272169250635580e-02
	2.499611854114046e+00,1.196559049861459e-02
	2.499157316429216e+00,-6.364494460260248e-02
	5.000000000000000e+00,0.000000000000000e+00
	2.499156839567271e+00,-6.366397802716711e-02
	5.000768597836819e-03,-2.544338501271160e-05
	5.000790709832662e-03,-3.006258094217016e-05
	4.998367155871463e-03,-1.252287037459831e-04
	-5.000768597836819e-03,2.544338501271160e-05

 20	9.999999999999984e+00,0.000000000000000e+00
	2.499516275876588e+00,1.427815982700302e-02
	2.499511431411090e+00,1.342976568680531e-02
	2.498939063871600e+00,-7.141012072860092e-02
	5.000000000000000e+00,0.000000000000000e+00
	2.498938463542940e+00,-7.143147477531632e-02
	5.000967448246824e-03,-2.855631965400604e-05
	5.000995294209949e-03,-3.373893450932598e-05
	4.997944249664797e-03,-1.405077555349808e-04
	-5.000967448246824e-03,2.855631965400604e-05

 21	1.122018454301961e+01,0.000000000000000e+00
	2.499391153495717e+00,1.602627135195439e-02
	2.499385052424142e+00,1.507430983705491e-02
	2.498664264894916e+00,-8.012250918917951e-02
	5.000000000000000e+00,0.000000000000000e+00
	2.498663509133784e+00,-8.014646627102155e-02
	5.001217693008566e-03,-3.205254270390879e-05
	5.001252762643559e-03,-3.786723819866547e-05
	4.997411771350749e-03,-1.576506521511159e-04
	-5.001217693008566e-03,3.205254270390879e-05

 22	1.258925411794165e+01,0.000000000000000e+00
	2.499233707513450e+00,1.799012309960472e-02
	2.499226023152378e+00,1.692193746010123e-02
	2.498318257578406e+00,-8.989756987211966e-02
	5.000000000000000e+00,0.000000000000000e+00
	2.498317306144016e+00,-8.992444655374382e-02
	5.001532584973100e-03,-3.598024619920943e-05
	5.001576756650722e-03,-4.250402673312945e-05
	4.996741308475446e-03,-1.768846165204760e-04
	-5.001532584973101e-03,3.598024619920943e-05

 23	1.412537544622752e+01,0.000000000000000e+00
	2.499035611686303e+00,2.019704465985844e-02
	2.499025931996190e+00,1.899842571977462e-02
	2.497882571621701e+00,-1.008648016720442e-01
	5.000000000000000e+00,0.000000000000000e+00
	2.497881373856632e+00,-1.008949527096887e-01
	5.001928776627394e-03,-4.039408931971688e-05
	5.001984419740965e-03,-4.771330543809065e-05
	4.995897067677819e-03,-1.984645127353289e-04
	-5.001928776627394e-03,4.039408931971688e-05

 24	1.584893192461110e+01,0.000000000000000e+00
	2.498786409152733e+00,2.267811458369977e-02
	2.498774214187305e+00,2.133310800668286e-02
	2.497333935241213e+00,-1.131694346091511e-01
	5.000000000000000e+00,0.000000000000000e+00
	2.497332427375906e+00,-1.132032574308350e-01
	5.002427181694535e-03,-4.535622916739955e-05
	5.002497286524514e-03,-5.356769752852443e-05
	4.994833949473516e-03,-2.226761828783507e-04
	-5.002427181694535e-03,4.535622916739955e-05

 25	1.778279410038919e+01,0.000000000000000e+00
	2.498472975550007e+00,2.546878834443178e-02
	2.498457608804018e+00,2.395947703181983e-02
	2.496643020844564e+00,-1.269743193371432e-01
	5.000000000000000e+00,0.000000000000000e+00
	2.496641122604843e+00,-1.270122589950412e-01
	5.003054048899986e-03,-5.093757668886357e-05
	5.003142391696455e-03,-6.014982834735310e-05
	4.993495116340741e-03,-2.498401752832198e-04
	-5.003054048899986e-03,5.093757668886357e-05

 26	1.995262314968875e+01,0.000000000000000e+00
	2.498078851782441e+00,2.860967297439748e-02
	2.498059483704605e+00,2.691593101580993e-02
	2.495772859480554e+00,-1.424620340226784e-01
	5.000000000000000e+00,0.000000000000000e+00
	2.495770469818316e+00,-1.425045886443358e-01
	5.003842296435117e-03,-5.721934594879496e-05
	5.003953649766590e-03,-6.755401524032808e-05
	4.991808918151695e-03,-2.803159048066802e-04
	-5.003842296435117e-03,5.721934594879496e-05

 27	2.238721138568335e+01,0.000000000000000e+00
	2.497583417772371e+00,3.214749494320922e-02
	2.497558999172142e+00,3.024670888699028e-02
	2.494676834575193e+00,-1.598372290470830e-01
	5.000000000000000e+00,0.000000000000000e+00
	2.494673826296188e+00,-1.598849558024533e-01
	5.004833164455257e-03,-6.429498988641844e-05
	5.004973566015711e-03,-7.588835636202419e-05
	4.989685001049804e-03,-3.145062871265223e-04
	-5.004833164455257e-03,6.429498988641844e-05

 28	2.511886431509575e+01,0.000000000000000e+00
	2.496960874088700e+00,3.613632516993392e-02
	2.496930076436247e+00,3.400307756623661e-02
	2.493296140157622e+00,-1.793292294788329e-01
	5.000000000000000e+00,0.000000000000000e+00
	2.493292353162320e+00,-1.793827510637835e-01
	5.006078251822601e-03,-7.227265033986783e-05
	5.006255349161070e-03,-8.527734587116711e-05
	4.987009376545078e-03,-3.528628888219166e-04
	-5.006078251822601e-03,7.227265033986784e-05

 29	2.818382931264447e+01,0.000000000000000e+00
	2.496178994522925e+00,4.063914916011241e-02
	2.496140133141469e+00,3.824485830508074e-02
	2.491556555715301e+00,-2.011949130831088e-01
	5.000000000000000e+00,0.000000000000000e+00
	2.491551788496305e+00,-2.012549246938941e-01
	5.007642010954150e-03,-8.127829832022482e-05
	5.007865505466737e-03,-9.586519044461999e-05
	4.983638163069773e-03,-3.958916317283422e-04
	-5.007642010954150e-03,8.127829832022482e-05

 30	3.162277660168372e+01,0.000000000000000e+00
	2.495197610670473e+00,4.572990375840938e-02
	2.495148545431823e+00,4.304241227249091e-02
	2.489364346326971e+00,-2.257218766041251e-01
	5.000000000000000e+00,0.000000000000000e+00
	2.489358345275835e+00,-2.257891533367608e-01
	5.009604778659055e-03,-9.145980751681876e-05
	5.009887000364024e-03,-1.078200680009898e-04
	4.979389627233655e-03,-4.441590816116200e-04
	-5.009604778659055e-03,9.145980751681876e-05

 31	3.548133892335746e+01,0.000000000000000e+00
	2.493966791509536e+00,5.149614850526851e-02
	2.493904797692570e+00,4.847925173637323e-02
	2.486601039102568e+00,-2.532318932402605e-01
	5.000000000000000e+00,0.000000000000000e+00
	2.486593485065915e+00,-2.533072977870564e-01
	5.012066416980928e-03,-1.029922970105370e-04
	5.012423073130152e-03,-1.213396610852301e-04
	4.974034039212118e-03,-4.982993339340178e-04
	-5.012066416980928e-03,1.029922970105370e-04

 32	3.981071705534962e+01,0.000000000000000e+00
	2.492424690533682e+00,5.804260394494610e-02
	2.492346289729757e+00,5.465550710909400e-02
	2.483116750055111e+00,-2.840846463999711e-01
	5.000000000000000e+00,0.000000000000000e+00
	2.483107241439865e+00,-2.841691368229224e-01
	5.015150618932636e-03,-1.160852078898922e-04
	5.015601775970320e-03,-1.366584241755719e-04
	4.967280705852339e-03,-5.590214772693125e-04
	-5.015150618932636e-03,1.160852078898922e-04

 33	4.466835921509619e+01,0.000000000000000e+00
	2.490495056422813e+00,6.549587792338125e-02
	2.490395793377224e+00,6.169256828744978e-02
	2.478721632153718e+00,-3.186816935504705e-01
	5.000000000000000e+00,0.000000000000000e+00
	2.478709663708371e+00,-3.187763307734389e-01
	5.019009887154375e-03,-1.309917558467625e-04
	5.019581269291001e-03,-1.540572191426751e-04
	4.958761341875322e-03,-6.271175574121108e-04
	-5.019009887154375e-03,1.309917558467625e-04

 34	5.011872336272709e+01,0.000000000000000e+00
	2.488084450946245e+00,7.401082233041459e-02
	2.487958596414591e+00,6.973933952525481e-02
	2.473174875494606e+00,-3.574705600793705e-01
	5.000000000000000e+00,0.000000000000000e+00
	2.473159811682281e+00,-3.575765145369430e-01
	5.023831098107511e-03,-1.480216446608292e-04
	5.024555820429732e-03,-1.738761930958570e-04
	4.948008664062726e-03,-7.034708648232334e-04
	-5.023831098107511e-03,1.480216446608292e-04

 35	5.623413251903474e+01,0.000000000000000e+00
	2.485079307017937e+00,8.377912732509479e-02
	2.484919458188446e+00,7.898071103846564e-02
	2.466170500655258e+00,-4.009487710054893e-01
	5.000000000000000e+00,0.000000000000000e+00
	2.466151542279886e+00,-4.010673275849309e-01
	5.029841385964126e-03,-1.675582546501896e-04
	5.030762290999150e-03,-1.965320991571555e-04
	4.934428718185438e-03,-7.890641947166937e-04
	-5.029841385964127e-03,1.675582546501896e-04

 36	6.309573444801914e+01,0.000000000000000e+00
	2.481343118876969e+00,9.504097989073645e-02
	2.481139656303411e+00,8.964906987959474e-02
	2.457318928269550e+00,-4.496674715538511e-01
	5.000000000000000e+00,0.000000000000000e+00
	2.457295070717283e+00,-4.498000315214679e-01
	5.037313762246062e-03,-1.900819597814729e-04
	5.038486604479503e-03,-2.225416984032378e-04
	4.917264937088936e-03,-8.849874313932029e-04
	-5.037313762246062e-03,1.900819597814729e-04

 37	7.079457843841358e+01,0.000000000000000e+00
	2.476714331434974e+00,1.081009004286500e-01
	2.476454672698398e+00,1.020399595287743e-01
	2.446122958954797e+00,-5.042340207473565e-01
	5.000000000000000e+00,0.000000000000000e+00
	2.446092940074819e+00,-5.043820986931685e-01
	5.046571337130051e-03,-2.162018008573000e-04
	5.048069172514150e-03,-2.525534561599675e-04
	4.895551234441044e-03,-9.924432982220124e-04
	-5.046571337130051e-03,2.162018008573000e-04

 38	7.943282347242791e+01,0.000000000000000e+00
	2.471005961722422e+00,1.233492316150551e-01
	2.470673524169620e+00,1.165333594922370e-01
	2.431946332597355e+00,-5.653124880347540e-01
	5.000000000000000e+00,0.000000000000000e+00
	2.431908567893111e+00,-5.654777008975785e-01
	5.057988076555155e-03,-2.466984632301103e-04
	5.059907381909933e-03,-2.873904757620219e-04
	4.868050509521312e-03,-1.112749241161208e-03
	-5.057988076555155e-03,2.466984632301103e-04

 39	8.912509381337428e+01,0.000000000000000e+00
	2.464008762020810e+00,1.412911774242316e-01
	2.463581505526788e+00,1.336224839858685e-01
	2.413972434436233e+00,-6.336202105604718e-01
	5.000000000000000e+00,0.000000000000000e+00
	2.413924936929009e+00,-6.338042543586182e-01
	5.071982475958380e-03,-2.825823548484632e-04
	5.074451773073835e-03,-3.281084858095125e-04
	4.833173729579835e-03,-1.247331920166227e-03
	-5.071982475958380e-03,2.825823548484632e-04

 40	9.999999999999969e+01,0.000000000000000e+00
	2.455501010985690e+00,1.625857232712647e-01
	2.454949370622778e+00,1.539524415938343e-01
	2.391149983615775e+00,-7.099172580205343e-01
	5.000000000000000e+00,0.000000000000000e+00
	2.391090265608748e+00,-7.101218657921676e-01
	5.088997978028620e-03,-3.251714465425293e-04
	5.092190106701407e-03,-3.760736225332397e-04
	4.788873272127674e-03,-1.397708236746816e-03
	-5.088997978028621e-03,3.251714465425293e-04

 41	1.122018454301960e+02,0.000000000000000e+00
	2.445270086603563e+00,1.880970580563246e-01
	2.444554016352968e+00,1.783714083933807e-01
	2.362121762628021e+00,-7.949834407468508e-01
	5.000000000000000e+00,0.000000000000000e+00
	2.362046716912165e+00,-7.952103120902264e-01
	5.109459826792874e-03,-3.761941161126491e-04
	5.113609549236690e-03,-4.330654541715469e-04
	4.732502603793068e-03,-1.565442512082779e-03
	-5.109459826792875e-03,3.761941161126492e-04

 42	1.258925411794163e+02,0.000000000000000e+00
	2.433154258125137e+00,2.189609006129745e-01
	2.432218981244805e+00,2.079967902579636e-01
	2.325131904400216e+00,-8.895738075080369e-01
	5.000000000000000e+00,0.000000000000000e+00
	2.325037663743868e+00,-8.898244955992214e-01
	5.133691483749725e-03,-4.379218012259490e-04
	5.139120866281888e-03,-5.014105081179393e-04
	4.660633177414835e-03,-1.752062204309496e-03
	-5.133691483749725e-03,4.379218012259490e-04

 43	1.412537544622750e+02,0.000000000000000e+00
	2.419118194722789e+00,2.566666061702776e-01
	2.417888087421460e+00,2.442974024008117e-01
	2.277907677934251e+00,-9.943375487675655e-01
	5.000000000000000e+00,0.000000000000000e+00
	2.277789455024443e+00,-9.946132843631130e-01
	5.161763610554423e-03,-5.133332123405552e-04
	5.168918660297745e-03,-5.841489859397627e-04
	4.568820050216292e-03,-1.958902693185866e-03
	-5.161763610554423e-03,5.133332123405552e-04

 44	1.584893192461108e+02,0.000000000000000e+00
	2.403383100771164e+00,3.031514409238322e-01
	2.401752929388092e+00,2.891883518848309e-01
	2.217514794771806e+00,-1.109675712820109e+00
	5.000000000000000e+00,0.000000000000000e+00
	2.217366712054473e+00,-1.109977136215851e+00
	5.193233798457673e-03,-6.063028818476643e-04
	5.202737102071204e-03,-6.852292533418716e-04
	4.451313448324346e-03,-2.186832875079666e-03
	-5.193233798457673e-03,6.063028818476643e-04

 45	1.778279410038917e+02,0.000000000000000e+00
	2.386642230507980e+00,3.608927582805042e-01
	2.384464762435925e+00,3.451249076562885e-01
	2.140194606858850e+00,-1.235499116154712e+00
	5.000000000000000e+00,0.000000000000000e+00
	2.140009540359471e+00,-1.235825877818931e+00
	5.226715538984040e-03,-7.217855165610084e-04
	5.239440899989724e-03,-8.097049168540357e-04
	4.300731384750082e-03,-2.435785434155995e-03
	-5.226715538984040e-03,7.217855165610084e-04

 46	1.995262314968873e+02,0.000000000000000e+00
	2.370402889394424e+00,4.329612698769427e-01
	2.367471843107229e+00,4.151595139599495e-01
	2.041214257925769e+00,-1.370829775305038e+00
	5.000000000000000e+00,0.000000000000000e+00
	2.040983746656968e+00,-1.371179956676481e+00
	5.259194221211152e-03,-8.659225397538854e-04
	5.276369698048265e-03,-9.638667188862617e-04
	4.107752401166446e-03,-2.703979409335403e-03
	-5.259194221211152e-03,8.659225397538854e-04

 47	2.238721138568332e+02,0.000000000000000e+00
	2.357499247466429e+00,5.229554165061013e-01
	2.353526981734262e+00,5.028835043407314e-01
	1.914809148639137e+00,-1.513173244790170e+00
	5.000000000000000e+00,0.000000000000000e+00
	1.914523469264301e+00,-1.513542550941492e+00
	5.285001505067141e-03,-1.045910833012203e-03
	5.308344748459155e-03,-1.155158705909362e-03
	3.860981853370917e-03,-2.986689710345075e-03
	-5.285001505067141e-03,1.045910833012203e-03

 48	2.511886431509571e+02,0.000000000000000e+00
	2.352795284589062e+00,6.346639501059559e-01
	2.347386278646242e+00,6.121028041087252e-01
	1.754387570283657e+00,-1.657596863401264e+00
	5.000000000000000e+00,0.000000000000000e+00
	1.754036151873436e+00,-1.657977569244444e+00
	5.294409430821875e-03,-1.269327900211912e-03
	5.326289420880106e-03,-1.391586205064861e-03
	3.547323218098251e-03,-3.274430135953552e-03
	-5.294409430821876e-03,1.269327900211912e-03

 49	2.818382931264443e+02,0.000000000000000e+00
	2.363998005461600e+00,7.712060447651018e-01
	2.356623310640017e+00,7.459991491620914e-01
	1.553308099525183e+00,-1.795534157169877e+00
	5.000000000000000e+00,0.000000000000000e+00
	1.552880548469296e+00,-1.795913888855767e+00
	5.272003989076800e-03,-1.542412089530204e-03
	5.315598533186081e-03,-1.680127955533599e-03
	3.153465299070562e-03,-3.550579181088574e-03
	-5.272003989076800e-03,1.542412089530204e-03

 50	3.162277660168368e+02,0.000000000000000e+00
	2.402254726289344e+00,9.333354004869446e-01
	2.392240639138196e+00,9.054632683961129e-01
	1.306684213432239e+00,-1.913599855705375e+00
	5.000000000000000e+00,0.000000000000000e+00
	1.306172281181081e+00,-1.913960517758742e+00
	5.195490547421311e-03,-1.866670800973889e-03
	5.254860218846007e-03,-2.023525911138672e-03
	2.669387791464932e-03,-3.788992184064296e-03
	-5.195490547421311e-03,1.866670800973889e-03

 51	3.548133892335741e+02,0.000000000000000e+00
	2.481772735141887e+00,1.116756140599919e+00
	2.468328627614480e+00,1.086440374340498e+00
	1.014612776124266e+00,-1.993247135652553e+00
	5.000000000000000e+00,0.000000000000000e+00
	1.014013482294479e+00,-1.993564683418422e+00
	5.036454529716226e-03,-2.233512281199838e-03
	5.116382669362591e-03,-2.415104313216181e-03
	2.094692513415640e-03,-3.953220376635983e-03
	-5.036454529716226e-03,2.233512281199838e-03

 52	3.981071705534957e+02,0.000000000000000e+00
	2.617278223762473e+00,1.309023051956427e+00
	2.599596649771051e+00,1.276838537463310e+00
	6.865142171555985e-01,-2.012795442337517e+00
	5.000000000000000e+00,0.000000000000000e+00
	6.858337819178929e-01,-2.013041601969021e+00
	4.765443552475055e-03,-2.618046103912853e-03
	4.870840926432956e-03,-2.832631309635077e-03
	1.447198327831941e-03,-4.000350228786430e-03
	-4.765443552475055e-03,2.618046103912854e-03

 53	4.466835921509614e+02,0.000000000000000e+00
	2.818500087441068e+00,1.488022169206558e+00
	2.795948193016203e+00,1.454960191546565e+00
	3.445282278115079e-01,-1.953352341684285e+00
	5.000000000000000e+00,0.000000000000000e+00
	3.437853451031299e-01,-1.953499258956134e+00
	4.362999825117865e-03,-2.976044338413116e-03
	4.497754834680508e-03,-3.234998519892171e-03
	7.698109319451796e-04,-3.892525520414082e-03
	-4.362999825117865e-03,2.976044338413116e-03

 54	5.011872336272703e+02,0.000000000000000e+00
	3.083080622240957e+00,1.625084593168268e+00
	3.055446250140895e+00,1.592487604929313e+00
	2.204116457255850e-02,-1.807917505500250e+00
	5.000000000000000e+00,0.000000000000000e+00
	2.126708912093081e-02,-1.807944900690988e+00
	3.833838755518086e-03,-3.250169186336535e-03
	3.999328036461752e-03,-3.567687263923257e-03
	1.279338729410696e-04,-3.614885233755288e-03
	-3.833838755518086e-03,3.250169186336536e-03

 55	5.623413251903468e+02,0.000000000000000e+00
	3.392638881555075e+00,1.693905177207529e+00
	3.360319523680294e+00,1.663237061943444e+00
	-2.453979475121019e-01,-1.588582927216299e+00
	5.000000000000000e+00,0.000000000000000e+00
	-2.461643937265269e-01,-1.588484865847605e+00
	3.214722236889849e-03,-3.387810354415058e-03
	3.408653560708706e-03,-3.779619332577325e-03
	-4.081400088497607e-04,-3.190016302102665e-03
	-3.214722236889849e-03,3.387810354415058e-03

 56	6.309573444801906e+02,0.000000000000000e+00
	3.716819103027924e+00,1.681022178695178e+00
	3.680831984726140e+00,1.653551998154331e+00
	-4.333261553565721e-01,-1.325021660538267e+00
	5.000000000000000e+00,0.000000000000000e+00
	-4.340473993422579e-01,-1.324808876919784e+00
	2.566361793944153e-03,-3.362044357390356e-03
	2.782689260724293e-03,-3.843592600075135e-03
	-7.893132784860718e-04,-2.675428959179517e-03
	-2.566361793944153e-03,3.362044357390356e-03

 57	7.079457843841349e+02,0.000000000000000e+00
	4.024105241517208e+00,1.590338045981386e+00
	3.985905266668547e+00,1.566897020142142e+00
	-5.367832540496034e-01,-1.053440049173697e+00
	5.000000000000000e+00,0.000000000000000e+00
	-5.374311940805490e-01,-1.053136184884479e+00
	1.951789516965585e-03,-3.180676091962772e-03
	2.181792920617305e-03,-3.765763539435178e-03
	-1.004594700461237e-03,-2.142131024943700e-03
	-1.951789516965585e-03,3.180676091962772e-03

 58	7.943282347242780e+02,0.000000000000000e+00
	4.291951877564820e+00,1.438741648286956e+00
	4.253176463530332e+00,1.419659098521017e+00
	-5.683189649438180e-01,-8.036763671388675e-01
	5.000000000000000e+00,0.000000000000000e+00
	-5.688786769769127e-01,-8.033106428135051e-01
	1.416096244870360e-03,-2.877483296573913e-03
	1.649914210955035e-03,-3.577981797332227e-03
	-1.077618569152824e-03,-1.649209632536956e-03
	-1.416096244870360e-03,2.877483296573913e-03

 59	8.912509381337416e+02,0.000000000000000e+00
	4.510327345439489e+00,1.247374680950753e+00
	4.472607443699569e+00,1.232567258051428e+00
	-5.490610142048631e-01,-5.925630773864075e-01
	5.000000000000000e+00,0.000000000000000e+00
	-5.495295747096092e-01,-5.921635044653645e-01
	9.793453091210230e-04,-2.494749361901506e-03
	1.207119459407769e-03,-3.321271690318199e-03
	-1.049318349482651e-03,-1.230486626044479e-03
	-9.793453091210226e-04,2.494749361901506e-03

 60	9.999999999999955e+02,0.000000000000000e+00
	4.679212365441896e+00,1.034676052135832e+00
	4.644106634052156e+00,1.023791984114058e+00
	-5.000435565075074e-01,-4.247364135889766e-01
	5.000000000000000e+00,0.000000000000000e+00
	-5.004262997325694e-01,-4.243258794578939e-01
	6.415752691162081e-04,-2.069352104271665e-03
	8.538535359385996e-04,-3.032284929017368e-03
	-9.608608274961506e-04,-8.958158265228765e-04
	-6.415752691162080e-04,2.069352104271665e-03

 61	1.122018454301958e+03,0.000000000000000e+00
	4.804000553057228e+00,8.135189884444285e-01
	4.773030544704195e+00,8.060574484002134e-01
	-4.376133816633473e-01,-2.970433094214643e-01
	5.000000000000000e+00,0.000000000000000e+00
	-4.379199926670467e-01,-2.966384785809768e-01
	3.919988938855443e-04,-1.627037976888857e-03
	5.795241657191861e-04,-2.737459885578325e-03
	-8.444711342549533e-04,-6.395860101892761e-04
	-3.919988938855443e-04,1.627037976888857e-03

 62	1.258925411794161e+03,0.000000000000000e+00
	4.891718021023333e+00,5.913688488505503e-01
	4.866458095140224e+00,5.867436563522587e-01
	-3.725384601386819e-01,-2.028795849541299e-01
	5.000000000000000e+00,0.000000000000000e+00
	-3.727800850695558e-01,-2.024914830232150e-01
	2.165639579533340e-04,-1.182737697701101e-03
	3.697228482758570e-04,-2.453039154876568e-03
	-7.215343684237399e-04,-4.492136678695472e-04
	-2.165639579533334e-04,1.182737697701101e-03

 63	1.412537544622747e+03,0.000000000000000e+00
	4.948859599386013e+00,3.716598095056942e-01
	4.931047331085710e+00,3.692088408687225e-01
	-3.109803740967638e-01,-1.350131526030685e-01
	5.000000000000000e+00,0.000000000000000e+00
	-3.111678998446427e-01,-1.346483813472818e-01
	1.022808012279736e-04,-7.433196190113884e-04
	2.104157054934082e-04,-2.187538370167643e-03
	-6.044102589915737e-04,-3.107220869106814e-04
	-1.022808012279732e-04,7.433196190113884e-04

 64	1.584893192461106e+03,0.000000000000000e+00
	4.980489140070635e+00,1.552526390701509e-01
	4.972140559948861e+00,1.542034589831611e-01
	-2.559160689733549e-01,-8.696299533680270e-02
	5.000000000000000e+00,0.000000000000000e+00
	-2.560592862677627e-01,-8.662497312807128e-02
	3.902171985872978e-05,-3.105052781403017e-04
	8.969603918806043e-05,-1.944449420162942e-03
	-4.991791695040529e-04,-2.114982040659460e-04
	-3.902171985872904e-05,3.105052781403017e-04

 65	1.778279410038914e+03,0.000000000000000e+00
	4.990040232834869e+00,-5.844216674294225e-02
	4.993566375968105e+00,-5.904309526005943e-02
	-2.083614743179514e-01,-5.345996764158786e-02
	5.000000000000000e+00,0.000000000000000e+00
	-2.084687851474447e-01,-5.314995417881604e-02
	1.991953433026156e-05,1.168843334858845e-04
	-1.850691040589926e-06,-1.724331221530478e-03
	-4.080296971879139e-04,-1.412390444970743e-04
	-1.991953433026161e-05,-1.168843334858845e-04

 66	1.995262314968869e+03,0.000000000000000e+00
	4.979410757176255e+00,-2.707065823210605e-01
	4.997736958114668e+00,-2.721004257877488e-01
	-1.682375147668808e-01,-3.044819980760581e-02
	5.000000000000000e+00,0.000000000000000e+00
	-1.683159299193890e-01,-3.016606076521422e-02
	4.117848564749057e-05,5.414131646421210e-04
	-7.139160857746678e-05,-1.526190069192453e-03
	-3.309591609831910e-04,-9.198377106008099e-05
	-4.117848564749060e-05,-5.414131646421211e-04

 67	2.238721138568328e+03,0.000000000000000e+00
	4.949133278843294e+00,-4.830248848426313e-01
	4.985822892092992e+00,-4.868886202009614e-01
	-1.349205506777685e-01,-1.490691178210474e-02
	5.000000000000000e+00,0.000000000000000e+00
	-1.349758200954255e-01,-1.465165774332083e-02
	1.017334423134123e-04,9.660497696852626e-04
	-1.242743600513274e-04,-1.348308849656986e-03
	-2.668602210428354e-04,-5.778247068341910e-05
	-1.017334423134120e-04,-9.660497696852628e-04

 68	2.511886431509567e+03,0.000000000000000e+00
	4.898528567082641e+00,-6.967515415254358e-01
	4.957910122126868e+00,-7.053995761835388e-01
	-1.075672008807704e-01,-4.632520998015888e-03
	5.000000000000000e+00,0.000000000000000e+00
	-1.076039903133533e-01,-4.402674080647841e-03
	2.029428658347172e-04,1.393503083050872e-03
	-1.644485482359324e-04,-1.188712262836200e-03
	-2.141656928029015e-04,-3.427948656945703e-05
	-2.029428658347179e-04,-1.393503083050872e-03

 69	2.818382931264438e+03,0.000000000000000e+00
	4.825816324299700e+00,-9.128499057481717e-01
	4.913108034712239e+00,-9.295063033465921e-01
	-8.529369848917906e-02,1.960561244189073e-03
	5.000000000000000e+00,0.000000000000000e+00
	-8.531576936948192e-02,2.166724135153768e-03
	3.483673514005999e-04,1.825699811496344e-03
	-1.948156212155292e-04,-1.045412108316075e-03
	-1.712070777263785e-04,-1.832866672474528e-05
	-3.483673514006007e-04,-1.825699811496344e-03

 70	3.162277660168362e+03,0.000000000000000e+00
	4.728189853722895e+00,-1.131638383523334e+00
	4.849607356908508e+00,-1.160801859932406e+00
	-6.726718330990980e-02,6.002393045679834e-03
	5.000000000000000e+00,0.000000000000000e+00
	-6.727755692476033e-02,6.186682251120598e-03
	5.436202925542113e-04,2.263276767046669e-03
	-2.174975508613035e-04,-9.165274875029861e-04
	-1.363989780764064e-04,-7.677880325043291e-06
	-5.436202925542109e-04,-2.263276767046669e-03

 71	3.548133892335735e+03,0.000000000000000e+00
	4.601878994019390e+00,-1.352498024327920e+00
	4.764699937720689e+00,-1.400425959700162e+00
	-5.274614141715554e-02,8.292575005474933e-03
	5.000000000000000e+00,0.000000000000000e+00
	-5.274724094385263e-02,8.456787919913262e-03
	7.962420119612210e-04,2.704996048655840e-03
	-2.340348841754423e-04,-8.003376170443117e-04
	-1.083224634058427e-04,-7.252988646827126e-07
	-7.962420119612208e-04,-2.704996048655840e-03

 72	3.981071705534950e+03,0.000000000000000e+00
	4.442239811002502e+00,-1.573507359877900e+00
	4.654780657919946e+00,-1.648846583556879e+00
	-4.109279939281993e-02,9.393468640181230e-03
	5.000000000000000e+00,0.000000000000000e+00
	-4.108656939523925e-02,9.539328193074469e-03
	1.115520377994996e-03,3.147014719755799e-03
	-2.455295501471202e-04,-6.953008377732689e-04
	-8.575236311315627e-05,3.662681011531632e-06
	-1.115520377994995e-03,-3.147014719755799e-03

 73	4.466835921509605e+03,0.000000000000000e+00
	4.243926728458940e+00,-1.790981394555890e+00
	4.515361013261691e+00,-1.905568965561960e+00
	-3.177094341470731e-02,9.698356808096421e-03
	5.000000000000000e+00,0.000000000000000e+00
	-3.175894902175148e-02,9.827475676647292e-03
	1.512146543082120e-03,3.581962789111780e-03
	-2.527468585966105e-04,-6.000589600474386e-04
	-6.765516081248247e-05,6.284771492983114e-06
	-1.512146543082119e-03,-3.581962789111780e-03

 74	5.011872336272693e+03,0.000000000000000e+00
	4.001226157279703e+00,-1.998908824201173e+00
	4.341138248467395e+00,-2.168749139773494e+00
	-2.433687835332302e-02,9.480719468550334e-03
	5.000000000000000e+00,0.000000000000000e+00
	-2.432038726615536e-02,9.594581446023862e-03
	1.997547685440595e-03,3.997817648402346e-03
	-2.561887617215224e-04,-5.134378552020532e-04
	-5.317285029382293e-05,7.701237310342390e-06
	-1.997547685440594e-03,-3.997817648402346e-03

 75	5.623413251903457e+03,0.000000000000000e+00
	3.708659788555317e+00,-2.188314678722802e+00
	4.126185670144936e+00,-2.434699700702479e+00
	-1.842779817399480e-02,8.929638347406271e-03
	5.000000000000000e+00,0.000000000000000e+00
	-1.840784873944441e-02,9.029591381633079e-03
	2.582680422889366e-03,4.376629357445605e-03
	-2.561484299675818e-04,-4.344506000837122e-04
	-4.160132865517879e-05,8.303129461108559e-06
	-2.582680422889366e-03,-4.376629357445605e-03

 76	6.309573444801895e+03,0.000000000000000e+00
	3.361993331550145e+00,-2.346638189060060e+00
	3.864358780331665e+00,-2.697300663973816e+00
	-1.374981479448940e-02,8.175186461713658e-03
	5.000000000000000e+00,0.000000000000000e+00
	-1.372727304236239e-02,8.262444119216138e-03
	3.276013336899711e-03,4.693276378120120e-03
	-2.527551592415683e-04,-3.623066734672241e-04
	-3.236791826698223e-05,8.361782923416275e-06
	-3.276013336899711e-03,-4.693276378120120e-03

 77	7.079457843841336e+03,0.000000000000000e+00
	2.959791809365508e+00,-2.457322963118004e+00
	3.550041634698823e+00,-2.947381675887937e+00
	-1.006671370921953e-02,7.306677081978231e-03
	5.000000000000000e+00,0.000000000000000e+00
	-1.004232160834133e-02,7.382326872828929e-03
	4.080416381268983e-03,4.914645926236009e-03
	-2.460186594552640e-04,-2.964282451347107e-04
	-2.501030284782647e-05,8.064183961364084e-06
	-4.080416381268983e-03,-4.914645926236009e-03

 78	7.943282347242766e+03,0.000000000000000e+00
	2.505601528483249e+00,-2.499975136433257e+00
	3.179367879144912e+00,-3.172238524479453e+00
	-7.189818716282839e-03,6.385860162421001e-03
	5.000000000000000e+00,0.000000000000000e+00
	-7.164234923373969e-03,6.450878400157485e-03
	4.988796943033503e-03,4.999950272866514e-03
	-2.358824219066864e-04,-2.364711448602255e-04
	-1.915783431932302e-05,7.538347437137502e-06
	-4.988796943033503e-03,-4.999950272866514e-03

 79	8.912509381337401e+03,0.000000000000000e+00
	2.010639142320073e+00,-2.451626223546188e+00
	2.751996985054929e+00,-3.355591964865424e+00
	-4.968952753591707e-03,5.456519310106302e-03
	5.000000000000000e+00,0.000000000000000e+00
	-4.942785721132889e-03,5.511792878690831e-03
	5.978721715359853e-03,4.903252447092376e-03
	-2.222957424181974e-04,-1.823424425003981e-04
	-1.451539048385440e-05,6.871723749165401e-06
	-5.978721715359853e-03,-4.903252447092376e-03

 80	9.999999999999938e+03,0.000000000000000e+00
	1.496451878270542e+00,-2.289729113427412e+00
	2.273338663707594e+00,-3.478454985825552e+00
	-3.284284270673349e-03,4.551380965864172e-03
	5.000000000000000e+00,0.000000000000000e+00
	-3.258115784329150e-03,4.597736152853881e-03
	7.007096243458915e-03,4.579458226854824e-03
	-2.053102518871853e-04,-1.341984428619209e-04
	-1.084949580494326e-05,6.124770521929762e-06
	-7.007096243458915e-03,-4.579458226854824e-03

 81	1.122018454301956e+04,0.000000000000000e+00
	9.963883364520648e-01,-1.997281643096783e+00
	1.756737265594380e+00,-3.521424145283112e+00
	-2.038841599042303e-03,3.696768807863088e-03
	5.000000000000000e+00,0.000000000000000e+00
	-2.013237109911612e-03,3.735005698057531e-03
	8.007223327095870e-03,3.994563286193565e-03
	-1.851954812207713e-04,-9.239892629761707e-05
	-7.976158633071822e-06,5.341058490547347e-06
	-8.007223327095870e-03,-3.994563286193565e-03

 82	1.258925411794159e+04,0.000000000000000e+00
	5.541594245813425e-01,-1.569616037622819e+00
	1.224610444318957e+00,-3.468627181707838e+00
	-1.151698588383161e-03,2.915071603060414e-03
	5.000000000000000e+00,0.000000000000000e+00
	-1.127200304555256e-03,2.945999168839651e-03
	8.891681150837315e-03,3.139232075245638e-03
	-1.625469493122566e-04,-5.739348173625672e-05
	-5.749855866163320e-06,4.554564752502465e-06
	-8.891681150837315e-03,-3.139232075245638e-03

 83	1.412537544622745e+04,0.000000000000000e+00
	2.179402700658175e-01,-1.020881015922734e+00
	7.072104599872565e-01,-3.312743863588469e+00
	-5.522586694748021e-04,2.225007929127528e-03
	5.000000000000000e+00,0.000000000000000e+00
	-5.293599895922451e-04,2.249470891203367e-03
	9.564119459868365e-03,2.041762031845468e-03
	-1.383361937440133e-04,-2.953548113652852e-05
	-4.053407446283226e-06,3.794212624712515e-06
	-9.564119459868365e-03,-2.041762031845468e-03

 84	1.584893192461103e+04,0.000000000000000e+00
	3.010963339344041e-02,-3.868317472439419e-01
	2.381251527980828e-01,-3.059348502550101e+00
	-1.764521378819379e-04,1.640049717643602e-03
	5.000000000000000e+00,0.000000000000000e+00
	-1.555584125773243e-04,1.658936374565218e-03
	9.939780733213119e-03,7.736634944878838e-04
	-1.138460777692349e-04,-8.863052763779268e-06
	-2.789114286964309e-06,3.085511003713421e-06
	-9.939780733213119e-03,-7.736634944878838e-04

 85	1.778279410038911e+04,0.000000000000000e+00
	1.563828478558401e-02,2.791871629595080e-01
	-1.528109621232990e-01,-2.728157330781089e+00
	3.444293631837181e-05,1.166115167729992e-03
	5.000000000000000e+00,0.000000000000000e+00
	5.305452607606865e-05,1.180339239671914e-03
	9.968723430428832e-03,-5.583743259190159e-04
	-9.047141304056935e-05,5.066508256112743e-06
	-1.872126363593899e-06,2.449597273976525e-06
	-9.968723430428832e-03,5.583743259190159e-04

 86	1.995262314968866e+04,0.000000000000000e+00
	1.743269363763555e-01,9.171936120044194e-01
	-4.465916349011987e-01,-2.349673911821437e+00
	1.325143875977109e-04,8.001675364013595e-04
	5.000000000000000e+00,0.000000000000000e+00
	1.487195189787152e-04,8.106270423385387e-04
	9.651346127247289e-03,-1.834387224008839e-03
	-6.944033921656711e-05,1.319762542172828e-05
	-1.226937356816753e-06,1.900919716752854e-06
	-9.651346127247289e-03,1.834387224008839e-03

 87	2.238721138568325e+04,0.000000000000000e+00
	4.810292246832493e-01,1.474366537861209e+00
	-6.388703862870576e-01,-1.958154130035162e+00
	1.607984011990557e-04,5.309511322383733e-04
	5.000000000000000e+00,0.000000000000000e+00
	1.746237983928185e-04,5.384780053641515e-04
	9.037941550633501e-03,-2.948733075722418e-03
	-5.157283230733702e-05,1.682590450295552e-05
	-7.869113592388537e-07,1.445402614865542e-06
	-9.037941550633501e-03,2.948733075722418e-03

 88	2.511886431509563e+04,0.000000000000000e+00
	8.936996736694010e-01,1.915671974665421e+00
	-7.389566468494506e-01,-1.583975809712268e+00
	1.515451688636336e-04,3.418085051720134e-04
	5.000000000000000e+00,0.000000000000000e+00
	1.631410141364671e-04,3.471263526633489e-04
	8.212600652661198e-03,-3.831343949330841e-03
	-3.717907831604512e-05,1.734460378342394e-05
	-4.955039228907197e-07,1.080472283435079e-06
	-8.212600652661198e-03,3.831343949330841e-03

 89	2.818382931264435e+04,0.000000000000000e+00
	1.364959747422632e+00,2.227483683222414e+00
	-7.650822167614134e-01,-1.248541006793170e+00
	1.262879437286975e-04,2.143398773828759e-04
	5.000000000000000e+00,0.000000000000000e+00
	1.358855733718416e-04,2.180415603539940e-04
	7.270080505154736e-03,-4.454967366444828e-03
	-2.611762778214509e-05,1.600428054615031e-05
	-3.074046552166150e-07,7.970309868152471e-07
	-7.270080505154736e-03,4.454967366444828e-03

 90	3.162277660168357e+04,0.000000000000000e+00
	1.852080697695720e+00,2.414580822547753e+00
	-7.386088634061762e-01,-9.629336509854999e-01
	9.760483539850616e-05,1.314738312533760e-04
	5.000000000000000e+00,0.000000000000000e+00
	1.054735543365218e-04,1.340204500207723e-04
	6.295838604608559e-03,-4.829161645095506e-03
	-1.795196627308778e-05,1.376982019373592e-05
	-1.884842883728767e-07,5.823918006205674e-07
	-6.295838604608559e-03,4.829161645095506e-03

 91	3.548133892335730e+04,0.000000000000000e+00
	2.322589170445699e+00,2.493697131751976e+00
	-6.794567696867638e-01,-7.295131805938511e-01
	7.167857027072797e-05,7.920032169876316e-05
	5.000000000000000e+00,0.000000000000000e+00
	7.809126912688744e-05,8.093563388199711e-05
	5.354821659108603e-03,-4.987394263503952e-03
	-1.212094993827392e-05,1.128922192501603e-05
	-1.144692493334122e-07,4.230113931994666e-07
	-5.354821659108603e-03,4.987394263503952e-03

 92	3.981071705534944e+04,0.000000000000000e+00
	2.755540975102524e+00,2.486905467561910e+00
	-6.036361584587899e-01,-5.447881500658103e-01
	5.074969136147513e-05,4.702264961963555e-05
	5.000000000000000e+00,0.000000000000000e+00
	5.596065241981796e-05,4.819474708711902e-05
	4.488918049794952e-03,-4.973810935123820e-03
	-8.067175478237153e-06,8.938571637527808e-06
	-6.890884117080801e-08,3.063578737078653e-07
	-4.488918049794953e-03,4.973810935123820e-03

 93	4.466835921509599e+04,0.000000000000000e+00
	3.140027504649166e+00,2.416684669324814e+00
	-5.226072765156810e-01,-4.022184502887276e-01
	3.497630589449588e-05,2.759856019083116e-05
	5.000000000000000e+00,0.000000000000000e+00
	3.920998399070302e-05,2.838230890068581e-05
	3.719944990701668e-03,-4.833369338649628e-03
	-5.308210715131683e-06,6.897010460505628e-06
	-4.106653473415520e-08,2.218344813905542e-07
	-3.719944990701668e-03,4.833369338649628e-03

 94	5.011872336272686e+04,0.000000000000000e+00
	3.472581539473227e+00,2.303059953207599e+00
	-4.437447849066191e-01,-2.942971485792896e-01
	2.362196403801533e-05,1.605239431449860e-05
	5.000000000000000e+00,0.000000000000000e+00
	2.706962152844196e-05,1.656901325388650e-05
	3.054836921053545e-03,-4.606119906415199e-03
	-3.461514137078355e-06,5.219305858146971e-06
	-2.412578995425660e-08,1.610035058854083e-07
	-3.054836921053546e-03,4.606119906415199e-03

 95	5.623413251903449e+04,0.000000000000000e+00
	3.754584696309514e+00,2.162410053470519e+00
	-3.712486342994168e-01,-2.138163991256998e-01
	1.570891304707312e-05,9.271234874873209e-06
	5.000000000000000e+00,0.000000000000000e+00
	1.852998086518611e-05,9.603744125083146e-06
	2.490830607380971e-03,-4.324820106941038e-03
	-2.241383702281242e-06,3.891702276491485e-06
	-1.383932634549331e-08,1.174153144701530e-07
	-2.490830607380971e-03,4.324820106941038e-03

 96	6.309573444801885e+04,0.000000000000000e+00
	3.990177147114858e+00,2.007329586795864e+00
	-3.070896127304023e-01,-1.544868919629549e-01
	1.032255111316792e-05,5.325791522764130e-06
	5.000000000000000e+00,0.000000000000000e+00
	1.264839007995119e-05,5.530419245731755e-06
	2.019645705770285e-03,-4.014659173591729e-03
	-1.443321147879772e-06,2.869036625577692e-06
	-7.590592736215308e-09,8.627617074967309e-08
	-2.019645705770285e-03,4.014659173591729e-03

 97	7.079457843841326e+04,0.000000000000000e+00
	4.184776685073508e+00,1.847032084547467e+00
	-2.518007679196535e-01,-1.111371364508538e-01
	6.719747780129460e-06,3.046937030148520e-06
	5.000000000000000e+00,0.000000000000000e+00
	8.658400441564482e-06,3.161118592316901e-06
	1.630446629852984e-03,-3.694064169094933e-03
	-9.253956987110326e-07,2.096645505590173e-06
	-3.774915194551065e-09,6.409309217381286e-08
	-1.630446629852983e-03,3.694064169094933e-03

 98	7.943282347242754e+04,0.000000000000000e+00
	4.344128172378099e+00,1.687954763553345e+00
	-2.050655557798822e-01,-7.968028752589568e-02
	4.341541861429026e-06,1.738184276323549e-06
	5.000000000000000e+00,0.000000000000000e+00
	5.982839918832053e-06,1.785821022874708e-06
	1.311743655243802e-03,-3.375909527106690e-03
	-5.913120561762726e-07,1.521802458765773e-06
	-1.403632164928058e-09,4.836137881773091e-08
	-1.311743655243802e-03,3.375909527106691e-03

 99	8.912509381337385e+04,0.000000000000000e+00
	4.473749250970755e+00,1.534377363712625e+00
	-1.661207315659756e-01,-5.697500595488041e-02
	2.787348707901819e-06,9.899898776945427e-07
	5.000000000000000e+00,0.000000000000000e+00
	4.208418640159984e-06,9.843307516783843e-07
	1.052501498058490e-03,-3.068754727425250e-03
	-3.768324491059254e-07,1.098721162284028e-06
	1.486142943643226e-10,3.731871398903195e-08
	-1.052501498058490e-03,3.068754727425250e-03

 100	9.999999999999920e+04,0.000000000000000e+00
	4.578645211158743e+00,1.388968713152768e+00
	-1.340146065725683e-01,-4.065440476007796e-02
	1.779265329309971e-06,5.639797026376424e-07
	5.000000000000000e+00,0.000000000000000e+00
	3.051371428049974e-06,5.076607420893580e-07
	8.427095776825140e-04,-2.777937426305536e-03
	-2.396458976363932e-07,7.899766763486022e-07
	1.318153082508377e-09,2.977381966938526e-08
	-8.427095776825144e-04,2.777937426305536e-03

