 1.00000000e+00  4.29686146e-14 
 1.02333053e+00  4.71210165e-14 
 1.04720537e+00  5.16747007e-14 
 1.07163723e+00  5.66684465e-14 
 1.09663910e+00  6.21447810e-14 
 1.12222427e+00  6.81503411e-14 
 1.14840636e+00  7.47362704e-14 
 1.17519928e+00  8.19586553e-14 
 1.20261731e+00  8.98790022e-14 
 1.23067501e+00  9.85647612e-14 
 1.25938731e+00  1.08089901e-13 
 1.28876948e+00  1.18535538e-13 
 1.31883716e+00  1.29990630e-13 
 1.34960633e+00  1.42552727e-13 
 1.38109336e+00  1.56328810e-13 
 1.41331500e+00  1.71436197e-13 
 1.44628839e+00  1.88003545e-13 
 1.48003106e+00  2.06171942e-13 
 1.51456097e+00  2.26096113e-13 
 1.54989648e+00  2.47945732e-13 
 1.58605639e+00  2.71906874e-13 
 1.62305993e+00  2.98183594e-13 
 1.66092678e+00  3.26999668e-13 
 1.69967708e+00  3.58600495e-13 
 1.73933145e+00  3.93255192e-13 
 1.77991097e+00  4.31258882e-13 
 1.82143724e+00  4.72935209e-13 
 1.86393234e+00  5.18639091e-13 
 1.90741887e+00  5.68759748e-13 
 1.95191996e+00  6.23724014e-13 
 1.99745929e+00  6.83999970e-13 
 2.04406107e+00  7.50100933e-13 
 2.09175010e+00  8.22589825e-13 
 2.14055174e+00  9.02083970e-13 
 2.19049195e+00  9.89260350e-13 
 2.24159729e+00  1.08486137e-12 
 2.29389494e+00  1.18970117e-12 
 2.34741273e+00  1.30467260e-12 
 2.40217911e+00  1.43075474e-12 
 2.45822323e+00  1.56902135e-12 
 2.51557488e+00  1.72064990e-12 
 2.57426457e+00  1.88693169e-12 
 2.63432353e+00  2.06928279e-12 
 2.69578370e+00  2.26925613e-12 
 2.75867776e+00  2.48855471e-12 
 2.82303917e+00  2.72904609e-12 
 2.88890218e+00  2.99277833e-12 
 2.95630180e+00  3.28199741e-12 
 3.02527389e+00  3.59916636e-12 
 3.09585513e+00  3.94698622e-12 
 3.16808307e+00  4.32841907e-12 
 3.24199613e+00  4.74671324e-12 
 3.31763362e+00  5.20543097e-12 
 3.39503577e+00  5.70847878e-12 
 3.47424376e+00  6.26014067e-12 
 3.55529971e+00  6.86511467e-12 
 3.63824673e+00  7.52855282e-12 
 3.72312896e+00  8.25610504e-12 
 3.80999153e+00  9.05396727e-12 
 3.89888066e+00  9.92893420e-12 
 3.98984361e+00  1.08884572e-11 
 4.08292878e+00  1.19407076e-11 
 4.17818567e+00  1.30946466e-11 
 4.27566496e+00  1.43601013e-11 
 4.37541849e+00  1.57478484e-11 
 4.47749933e+00  1.72697063e-11 
 4.58196176e+00  1.89386352e-11 
 4.68886136e+00  2.07688480e-11 
 4.79825498e+00  2.27759310e-11 
 4.91020082e+00  2.49769769e-11 
 5.02475840e+00  2.73907300e-11 
 5.14198868e+00  3.00377463e-11 
 5.26195401e+00  3.29405680e-11 
 5.38471818e+00  3.61239162e-11 
 5.51034652e+00  3.96149005e-11 
 5.63890582e+00  4.34432508e-11 
 5.77046449e+00  4.76415699e-11 
 5.90509248e+00  5.22456113e-11 
 6.04286142e+00  5.72945838e-11 
 6.18384459e+00  6.28314850e-11 
 6.32811696e+00  6.89034683e-11 
 6.47575529e+00  7.55622434e-11 
 6.62683809e+00  8.28645178e-11 
 6.78144574e+00  9.08724786e-11 
 6.93966047e+00  9.96543230e-11 
 7.10156642e+00  1.09284839e-10 
 7.26724974e+00  1.19846041e-10 
 7.43679853e+00  1.31427870e-10 
 7.61030298e+00  1.44128959e-10 
 7.78785539e+00  1.58057473e-10 
 7.96955018e+00  1.73332030e-10 
 8.15548402e+00  1.90082711e-10 
 8.34575578e+00  2.08452166e-10 
 8.54046669e+00  2.28596835e-10 
 8.73972031e+00  2.50688272e-10 
 8.94362262e+00  2.74914613e-10 
 9.15228208e+00  3.01482174e-10 
 9.36580968e+00  3.30617209e-10 
 9.58431898e+00  3.62567838e-10 
 9.80792623e+00  3.97606161e-10 
 1.00367504e+01  4.36030569e-10 
 1.02709131e+01  4.78168294e-10 
 1.05105389e+01  5.24378189e-10 
 1.07557554e+01  5.75053789e-10 
 1.10066928e+01  6.30626658e-10 
 1.12634848e+01  6.91570068e-10 
 1.15262679e+01  7.58403027e-10 
 1.17951818e+01  8.31694700e-10 
 1.20703697e+01  9.12069259e-10 
 1.23519778e+01  1.00021119e-09 
 1.26401560e+01  1.09687114e-09 
 1.29350575e+01  1.20287229e-09 
 1.32368393e+01  1.31911736e-09 
 1.35456618e+01  1.44659634e-09 
 1.38616893e+01  1.58639488e-09 
 1.41850898e+01  1.73970354e-09 
 1.45160355e+01  1.90782793e-09 
 1.48547023e+01  2.09219988e-09 
 1.52012704e+01  2.29438953e-09 
 1.55559241e+01  2.51611881e-09 
 1.59188520e+01  2.75927604e-09 
 1.62902473e+01  3.02593203e-09 
 1.66703074e+01  3.31835772e-09 
 1.70592345e+01  3.63904352e-09 
 1.74572355e+01  3.99072050e-09 
 1.78645221e+01  4.37638369e-09 
 1.82813109e+01  4.79931755e-09 
 1.87078235e+01  5.26312397e-09 
 1.91442870e+01  5.77175293e-09 
 1.95909334e+01  6.32953613e-09 
 2.00480002e+01  6.94122391e-09 
 2.05157307e+01  7.61202572e-09 
 2.09943736e+01  8.34765442e-09 
 2.14841834e+01  9.15437501e-09 
 2.19854208e+01  1.00390580e-08 
 2.24983524e+01  1.10092377e-08 
 2.30232509e+01  1.20731769e-08 
 2.35603955e+01  1.32399366e-08 
 2.41100720e+01  1.45194537e-08 
 2.46725728e+01  1.59226255e-08 
 2.52481970e+01  1.74614021e-08 
 2.58372509e+01  1.91488890e-08 
 2.64400476e+01  2.09994579e-08 
 2.70569080e+01  2.30288697e-08 
 2.76881600e+01  2.52544085e-08 
 2.83341394e+01  2.76950287e-08 
 2.89951899e+01  3.03715167e-08 
 2.96716631e+01  3.33066677e-08 
 3.03639187e+01  3.65254803e-08 
 3.10723251e+01  4.00553688e-08 
 3.17972589e+01  4.39263973e-08 
 3.25391058e+01  4.81715354e-08 
 3.32982604e+01  5.28269391e-08 
 3.40751265e+01  5.79322592e-08 
 3.48701172e+01  6.35309783e-08 
 3.56836556e+01  6.96707821e-08 
 3.65161742e+01  7.64039646e-08 
 3.73681159e+01  8.37878746e-08 
 3.82399339e+01  9.18854035e-08 
 3.91320918e+01  1.00765521e-07 
 4.00450643e+01  1.10503864e-07 
 4.09793369e+01  1.21183380e-07 
 4.19354065e+01  1.32895031e-07 
 4.29137818e+01  1.45738575e-07 
 4.39149831e+01  1.59823409e-07 
 4.49395429e+01  1.75269506e-07 
 4.59880063e+01  1.92208434e-07 
 4.70609309e+01  2.10784480e-07 
 4.81588874e+01  2.31155876e-07 
 4.92824598e+01  2.53496149e-07 
 5.04322457e+01  2.77995599e-07 
 5.16088567e+01  3.04862924e-07 
 5.28129187e+01  3.34326991e-07 
 5.40450721e+01  3.66638794e-07 
 5.53059723e+01  4.02073587e-07 
 5.65962900e+01  4.40933234e-07 
 5.79167115e+01  4.83548779e-07 
 5.92679391e+01  5.30283269e-07 
 6.06506915e+01  5.81534846e-07 
 6.20657043e+01  6.37740143e-07 
 6.35137301e+01  6.99378002e-07 
 6.49955391e+01  7.66973561e-07 
 6.65119195e+01  8.41102725e-07 
 6.80636779e+01  9.22397078e-07 
 6.96516396e+01  1.01154927e-06 
 7.12766493e+01  1.10931891e-06 
 7.29395713e+01  1.21653907e-06 
 7.46412902e+01  1.33412334e-06 
 7.63827111e+01  1.46307367e-06 
 7.81647603e+01  1.60448889e-06 
 7.99883856e+01  1.75957408e-06 
 8.18545571e+01  1.92965083e-06 
 8.37642673e+01  2.11616856e-06 
 8.57185321e+01  2.32071683e-06 
 8.77183909e+01  2.54503894e-06 
 8.97649075e+01  2.79104677e-06 
 9.18591704e+01  3.06083711e-06 
 9.40022936e+01  3.35670955e-06 
 9.61954169e+01  3.68118610e-06 
 9.84397070e+01  4.03703270e-06 
 1.00736358e+02  4.42728283e-06 
 1.03086590e+02  4.85526344e-06 
 1.05491655e+02  5.32462327e-06 
 1.07952831e+02  5.83936410e-06 
 1.10471428e+02  6.40387482e-06 
 1.13048785e+02  7.02296899e-06 
 1.15686273e+02  7.70192589e-06 
 1.18385295e+02  8.44653564e-06 
 1.21147287e+02  9.26314868e-06 
 1.23973718e+02  1.01587300e-05 
 1.26866090e+02  1.11409186e-05 
 1.29825943e+02  1.22180929e-05 
 1.32854852e+02  1.33994424e-05 
 1.35954426e+02  1.46950460e-05 
 1.39126315e+02  1.61159584e-05 
 1.42372205e+02  1.76743045e-05 
 1.45693824e+02  1.93833832e-05 
 1.49092939e+02  2.12577814e-05 
 1.52571356e+02  2.33134985e-05 
 1.56130927e+02  2.55680832e-05 
 1.59773544e+02  2.80407845e-05 
 1.63501145e+02  3.07527158e-05 
 1.67315714e+02  3.37270361e-05 
 1.71219278e+02  3.69891483e-05 
 1.75213915e+02  4.05669173e-05 
 1.79301748e+02  4.44909083e-05 
 1.83484953e+02  4.87946494e-05 
 1.87765754e+02  5.35149191e-05 
 1.92146429e+02  5.86920620e-05 
 1.96629307e+02  6.43703349e-05 
 2.01216773e+02  7.05982874e-05 
 2.05911267e+02  7.74291783e-05 
 2.10715286e+02  8.49214340e-05 
 2.15631386e+02  9.31391507e-05 
 2.20662180e+02  1.02152646e-04 
 2.25810346e+02  1.12039062e-04 
 2.31078621e+02  1.22883034e-04 
 2.36469808e+02  1.34777415e-04 
 2.41986774e+02  1.47824079e-04 
 2.47632454e+02  1.62134797e-04 
 2.53409850e+02  1.77832206e-04 
 2.59322037e+02  1.95050860e-04 
 2.65372157e+02  2.13938401e-04 
 2.71563430e+02  2.34656831e-04 
 2.77899149e+02  2.57383911e-04 
 2.84382684e+02  2.82314706e-04 
 2.91017483e+02  3.09663269e-04 
 2.97807075e+02  3.39664499e-04 
 3.04755072e+02  3.72576181e-04 
 3.11865169e+02  4.08681220e-04 
 3.19141149e+02  4.48290102e-04 
 3.26586882e+02  4.91743593e-04 
 3.34206327e+02  5.39415710e-04 
 3.42003538e+02  5.91716973e-04 
 3.49982662e+02  6.49097991e-04 
 3.58147943e+02  7.12053395e-04 
 3.66503724e+02  7.81126161e-04 
 3.75054450e+02  8.56912359e-04 
 3.83804670e+02  9.40066377e-04 
 3.92759036e+02  1.03130666e-03 
 4.01922313e+02  1.13142202e-03 
 4.11299374e+02  1.24127855e-03 
 4.20895206e+02  1.36182730e-03 
 4.30714915e+02  1.49411259e-03 
 4.40763722e+02  1.63928128e-03 
 4.51046973e+02  1.79859289e-03 
 4.61570138e+02  1.97343072e-03 
 4.72338815e+02  2.16531418e-03 
 4.83358730e+02  2.37591221e-03 
 4.94635745e+02  2.60705812e-03 
 5.06175860e+02  2.86076599e-03 
 5.17985211e+02  3.13924854e-03 
 5.30070081e+02  3.44493696e-03 
 5.42436897e+02  3.78050261e-03 
 5.55092237e+02  4.14888103e-03 
 5.68042834e+02  4.55329822e-03 
 5.81295574e+02  4.99729970e-03 
 5.94857508e+02  5.48478243e-03 
 6.08735849e+02  6.02002996e-03 
 6.22937980e+02  6.60775113e-03 
 6.37471453e+02  7.25312272e-03 
 6.52344000e+02  7.96183633e-03 
 6.67563532e+02  8.74015010e-03 
 6.83138143e+02  9.59494555e-03 
 6.99076118e+02  1.05337903e-02 
 7.15385935e+02  1.15650068e-02 
 7.32076268e+02  1.26977487e-02 
 7.49155996e+02  1.39420840e-02 
 7.66634203e+02  1.53090871e-02 
 7.84520185e+02  1.68109403e-02 
 8.02823457e+02  1.84610449e-02 
 8.21553754e+02  2.02741436e-02 
 8.40721039e+02  2.22664556e-02 
 8.60335507e+02  2.44558241e-02 
 8.80407591e+02  2.68618790e-02 
 9.00947967e+02  2.95062154e-02 
 9.21967561e+02  3.24125895e-02 
 9.43477553e+02  3.56071326e-02 
 9.65489385e+02  3.91185866e-02 
 9.88014764e+02  4.29785606e-02 
 1.01106567e+03  4.72218114e-02 
 1.03465437e+03  5.18865498e-02 
 1.05879341e+03  5.70147734e-02 
 1.08349562e+03  6.26526284e-02 
 1.10877415e+03  6.88508013e-02 
 1.13464243e+03  7.56649426e-02 
 1.16111424e+03  8.31561222e-02 
 1.18820366e+03  9.13913179e-02 
 1.21592508e+03  1.00443937e-01 
 1.24429325e+03  1.10394368e-01 
 1.27332328e+03  1.21330564e-01 
 1.30303058e+03  1.33348653e-01 
 1.33343098e+03  1.46553563e-01 
 1.36454063e+03  1.61059665e-01 
 1.39637609e+03  1.76991421e-01 
 1.42895428e+03  1.94484016e-01 
 1.46229254e+03  2.13683958e-01 
 1.49640860e+03  2.34749640e-01 
 1.53132061e+03  2.57851806e-01 
 1.56704713e+03  2.83173916e-01 
 1.60360717e+03  3.10912349e-01 
 1.64102018e+03  3.41276408e-01 
 1.67930605e+03  3.74488063e-01 
 1.71848515e+03  4.10781378e-01 
 1.75857832e+03  4.50401544e-01 
 1.79960689e+03  4.93603457e-01 
 1.84159267e+03  5.40649760e-01 
 1.88455800e+03  5.91808289e-01 
 1.92852574e+03  6.47348851e-01 
 1.97351927e+03  7.07539323e-01 
 2.01956252e+03  7.72641026e-01 
 2.06667998e+03  8.42903434e-01 
 2.11489672e+03  9.18558273e-01 
 2.16423839e+03  9.99813162e-01 
 2.21473122e+03  1.08684498e+00 
 2.26640207e+03  1.17979325e+00 
 2.31927843e+03  1.27875379e+00 
 2.37338843e+03  1.38377312e+00 
 2.42876084e+03  1.49484390e+00 
 2.48542512e+03  1.61190174e+00 
 2.54341140e+03  1.73482386e+00 
 2.60275054e+03  1.86342949e+00 
 2.66347409e+03  1.99748249e+00 
 2.72561436e+03  2.13669565e+00 
 2.78920438e+03  2.28073678e+00 
 2.85427800e+03  2.42923603e+00 
 2.92086982e+03  2.58179385e+00 
 2.98901526e+03  2.73798931e+00 
 3.05875058e+03  2.89738786e+00 
 3.13011285e+03  3.05954840e+00 
 3.20314004e+03  3.22402897e+00 
 3.27787100e+03  3.39039113e+00 
 3.35434547e+03  3.55820268e+00 
 3.43260413e+03  3.72703904e+00 
 3.51268860e+03  3.89648332e+00 
 3.59464149e+03  4.06612549e+00 
 3.67850638e+03  4.23556093e+00 
 3.76432789e+03  4.40438876e+00 
 3.85215165e+03  4.57221029e+00 
 3.94202439e+03  4.73862788e+00 
 4.03399391e+03  4.90324448e+00 
 4.12810913e+03  5.06566398e+00 
 4.22442011e+03  5.22549248e+00 
 4.32297807e+03  5.38234049e+00 
 4.42383544e+03  5.53582596e+00 
 4.52704587e+03  5.68557812e+00 
 4.63266425e+03  5.83124179e+00 
 4.74074676e+03  5.97248204e+00 
 4.85135090e+03  6.10898900e+00 
 4.96453549e+03  6.24048245e+00 
 5.08036074e+03  6.36671606e+00 
 5.19888825e+03  6.48748107e+00 
 5.32018107e+03  6.60260909e+00 
 5.44430371e+03  6.71197416e+00 
 5.57132221e+03  6.81549369e+00 
 5.70130411e+03  6.91312854e+00 
 5.83431856e+03  7.00488204e+00 
 5.97043630e+03  7.09079818e+00 
 6.10972975e+03  7.17095901e+00 
 6.25227299e+03  7.24548136e+00 
 6.39814183e+03  7.31451316e+00 
 6.54741387e+03  7.37822932e+00 
 6.70016851e+03  7.43682747e+00 
 6.85648700e+03  7.49052372e+00 
 7.01645248e+03  7.53954839e+00 
 7.18015003e+03  7.58414203e+00 
 7.34766674e+03  7.62455162e+00 
 7.51909170e+03  7.66102722e+00 
 7.69451610e+03  7.69381886e+00 
 7.87403324e+03  7.72317393e+00 
 8.05773862e+03  7.74933485e+00 
 8.24572993e+03  7.77253728e+00 
 8.43810718e+03  7.79300852e+00 
 8.63497270e+03  7.81096639e+00 
 8.83643119e+03  7.82661834e+00 
 9.04258982e+03  7.84016087e+00 
 9.25355824e+03  7.85177917e+00 
 9.46944866e+03  7.86164696e+00 
 9.69037592e+03  7.86992654e+00 
 9.91645753e+03  7.87676892e+00 
 1.01478137e+04  7.88231411e+00 
 1.03845676e+04  7.88669149e+00 
 1.06268451e+04  7.89002024e+00 
 1.08747750e+04  7.89240979e+00 
 1.11284893e+04  7.89396037e+00 
 1.13881229e+04  7.89476352e+00 
 1.16538138e+04  7.89490260e+00 
 1.19257035e+04  7.89445336e+00 
 1.22039364e+04  7.89348445e+00 
 1.24886608e+04  7.89205792e+00 
 1.27800278e+04  7.89022971e+00 
 1.30781927e+04  7.88805012e+00 
 1.33833138e+04  7.88556427e+00 
 1.36955536e+04  7.88281249e+00 
 1.40150782e+04  7.87983074e+00 
 1.43420574e+04  7.87665096e+00 
 1.46766652e+04  7.87330143e+00 
 1.50190796e+04  7.86980706e+00 
 1.53694827e+04  7.86618972e+00 
 1.57280608e+04  7.86246849e+00 
 1.60950048e+04  7.85865990e+00 
 1.64705098e+04  7.85477818e+00 
 1.68547756e+04  7.85083546e+00 
 1.72480064e+04  7.84684196e+00 
 1.76504116e+04  7.84280618e+00 
 1.80622050e+04  7.83873504e+00 
 1.84836059e+04  7.83463400e+00 
 1.89148382e+04  7.83050727e+00 
 1.93561314e+04  7.82635783e+00 
 1.98077202e+04  7.82218763e+00 
 2.02698448e+04  7.81799761e+00 
 2.07427511e+04  7.81378781e+00 
 2.12266904e+04  7.80955749e+00 
 2.17219204e+04  7.80530514e+00 
 2.22287043e+04  7.80102855e+00 
 2.27473118e+04  7.79672490e+00 
 2.32780186e+04  7.79239080e+00 
 2.38211071e+04  7.78802228e+00 
 2.43768662e+04  7.78361490e+00 
 2.49455914e+04  7.77916375e+00 
 2.55275853e+04  7.77466346e+00 
 2.61231574e+04  7.77010825e+00 
 2.67326245e+04  7.76549196e+00 
 2.73563108e+04  7.76080801e+00 
 2.79945481e+04  7.75604951e+00 
 2.86476757e+04  7.75120917e+00 
 2.93160412e+04  7.74627939e+00 
 3.00000000e+04  7.74125219e+00 
