 1.00000000e+00  2.14981768e-03 
 1.02329299e+00  2.25114012e-03 
 1.04712855e+00  2.35723818e-03 
 1.07151931e+00  2.46833699e-03 
 1.09647820e+00  2.58467226e-03 
 1.12201845e+00  2.70649084e-03 
 1.14815362e+00  2.83405119e-03 
 1.17489755e+00  2.96762399e-03 
 1.20226443e+00  3.10749265e-03 
 1.23026877e+00  3.25395398e-03 
 1.25892541e+00  3.40731874e-03 
 1.28824955e+00  3.56791239e-03 
 1.31825674e+00  3.73607571e-03 
 1.34896288e+00  3.91216554e-03 
 1.38038426e+00  4.09655558e-03 
 1.41253754e+00  4.28963714e-03 
 1.44543977e+00  4.49181996e-03 
 1.47910839e+00  4.70353314e-03 
 1.51356125e+00  4.92522599e-03 
 1.54881662e+00  5.15736904e-03 
 1.58489319e+00  5.40045498e-03 
 1.62181010e+00  5.65499976e-03 
 1.65958691e+00  5.92154367e-03 
 1.69824365e+00  6.20065247e-03 
 1.73780083e+00  6.49291862e-03 
 1.77827941e+00  6.79896253e-03 
 1.81970086e+00  7.11943389e-03 
 1.86208714e+00  7.45501300e-03 
 1.90546072e+00  7.80641231e-03 
 1.94984460e+00  8.17437786e-03 
 1.99526231e+00  8.55969090e-03 
 2.04173794e+00  8.96316953e-03 
 2.08929613e+00  9.38567049e-03 
 2.13796209e+00  9.82809093e-03 
 2.18776162e+00  1.02913703e-02 
 2.23872114e+00  1.07764926e-02 
 2.29086765e+00  1.12844880e-02 
 2.34422882e+00  1.18164354e-02 
 2.39883292e+00  1.23734647e-02 
 2.45470892e+00  1.29567591e-02 
 2.51188643e+00  1.35675577e-02 
 2.57039578e+00  1.42071581e-02 
 2.63026799e+00  1.48769191e-02 
 2.69153480e+00  1.55782638e-02 
 2.75422870e+00  1.63126825e-02 
 2.81838293e+00  1.70817358e-02 
 2.88403150e+00  1.78870581e-02 
 2.95120923e+00  1.87303611e-02 
 3.01995172e+00  1.96134373e-02 
 3.09029543e+00  2.05381637e-02 
 3.16227766e+00  2.15065065e-02 
 3.23593657e+00  2.25205244e-02 
 3.31131121e+00  2.35823736e-02 
 3.38844156e+00  2.46943122e-02 
 3.46736850e+00  2.58587052e-02 
 3.54813389e+00  2.70780294e-02 
 3.63078055e+00  2.83548785e-02 
 3.71535229e+00  2.96919692e-02 
 3.80189396e+00  3.10921467e-02 
 3.89045145e+00  3.25583905e-02 
 3.98107171e+00  3.40938216e-02 
 4.07380278e+00  3.57017083e-02 
 4.16869383e+00  3.73854739e-02 
 4.26579519e+00  3.91487034e-02 
 4.36515832e+00  4.09951520e-02 
 4.46683592e+00  4.29287525e-02 
 4.57088190e+00  4.49536239e-02 
 4.67735141e+00  4.70740804e-02 
 4.78630092e+00  4.92946406e-02 
 4.89778819e+00  5.16200373e-02 
 5.01187234e+00  5.40552274e-02 
 5.12861384e+00  5.66054028e-02 
 5.24807460e+00  5.92760016e-02 
 5.37031796e+00  6.20727195e-02 
 5.49540874e+00  6.50015224e-02 
 5.62341325e+00  6.80686591e-02 
 5.75439937e+00  7.12806745e-02 
 5.88843655e+00  7.46444240e-02 
 6.02559586e+00  7.81670882e-02 
 6.16595002e+00  8.18561879e-02 
 6.30957344e+00  8.57196009e-02 
 6.45654229e+00  8.97655783e-02 
 6.60693448e+00  9.40027626e-02 
 6.76082975e+00  9.84402060e-02 
 6.91830971e+00  1.03087390e-01 
 7.07945784e+00  1.07954244e-01 
 7.24435960e+00  1.13051171e-01 
 7.41310241e+00  1.18389063e-01 
 7.58577575e+00  1.23979330e-01 
 7.76247117e+00  1.29833922e-01 
 7.94328235e+00  1.35965352e-01 
 8.12830516e+00  1.42386728e-01 
 8.31763771e+00  1.49111772e-01 
 8.51138038e+00  1.56154858e-01 
 8.70963590e+00  1.63531034e-01 
 8.91250938e+00  1.71256059e-01 
 9.12010839e+00  1.79346430e-01 
 9.33254301e+00  1.87819420e-01 
 9.54992586e+00  1.96693110e-01 
 9.77237221e+00  2.05986427e-01 
 1.00000000e+01  2.15719177e-01 
 1.02329299e+01  2.25912093e-01 
 1.04712855e+01  2.36586862e-01 
 1.07151931e+01  2.47766177e-01 
 1.09647820e+01  2.59473775e-01 
 1.12201845e+01  2.71734477e-01 
 1.14815362e+01  2.84574240e-01 
 1.17489755e+01  2.98020191e-01 
 1.20226443e+01  3.12100685e-01 
 1.23026877e+01  3.26845340e-01 
 1.25892541e+01  3.42285089e-01 
 1.28824955e+01  3.58452225e-01 
 1.31825674e+01  3.75380444e-01 
 1.34896288e+01  3.93104893e-01 
 1.38038426e+01  4.11662209e-01 
 1.41253754e+01  4.31090561e-01 
 1.44543977e+01  4.51429688e-01 
 1.47910839e+01  4.72720931e-01 
 1.51356125e+01  4.95007264e-01 
 1.54881662e+01  5.18333312e-01 
 1.58489319e+01  5.42745374e-01 
 1.62181010e+01  5.68291420e-01 
 1.65958691e+01  5.95021093e-01 
 1.69824365e+01  6.22985689e-01 
 1.73780083e+01  6.52238122e-01 
 1.77827941e+01  6.82832876e-01 
 1.81970086e+01  7.14825931e-01 
 1.86208714e+01  7.48274668e-01 
 1.90546072e+01  7.83237743e-01 
 1.94984460e+01  8.19774927e-01 
 1.99526231e+01  8.57946918e-01 
 2.04173794e+01  8.97815100e-01 
 2.08929613e+01  9.39441257e-01 
 2.13796209e+01  9.82887241e-01 
 2.18776162e+01  1.02821457e+00 
 2.23872114e+01  1.07548396e+00 
 2.29086765e+01  1.12475479e+00 
 2.34422882e+01  1.17608450e+00 
 2.39883292e+01  1.22952787e+00 
 2.45470892e+01  1.28513621e+00 
 2.51188643e+01  1.34295650e+00 
 2.57039578e+01  1.40303040e+00 
 2.63026799e+01  1.46539310e+00 
 2.69153480e+01  1.53007219e+00 
 2.75422870e+01  1.59708631e+00 
 2.81838293e+01  1.66644378e+00 
 2.88403150e+01  1.73814117e+00 
 2.95120923e+01  1.81216172e+00 
 3.01995172e+01  1.88847379e+00 
 3.09029543e+01  1.96702934e+00 
 3.16227766e+01  2.04776235e+00 
 3.23593657e+01  2.13058743e+00 
 3.31131121e+01  2.21539847e+00 
 3.38844156e+01  2.30206756e+00 
 3.46736850e+01  2.39044418e+00 
 3.54813389e+01  2.48035469e+00 
 3.63078055e+01  2.57160224e+00 
 3.71535229e+01  2.66396722e+00 
 3.80189396e+01  2.75720818e+00 
 3.89045145e+01  2.85106334e+00 
 3.98107171e+01  2.94525277e+00 
 4.07380278e+01  3.03948114e+00 
 4.16869383e+01  3.13344105e+00 
 4.26579519e+01  3.22681697e+00 
 4.36515832e+01  3.31928952e+00 
 4.46683592e+01  3.41054023e+00 
 4.57088190e+01  3.50025634e+00 
 4.67735141e+01  3.58813580e+00 
 4.78630092e+01  3.67389198e+00 
 4.89778819e+01  3.75725819e+00 
 5.01187234e+01  3.83799168e+00 
 5.12861384e+01  3.91587705e+00 
 5.24807460e+01  3.99072897e+00 
 5.37031796e+01  4.06239402e+00 
 5.49540874e+01  4.13075183e+00 
 5.62341325e+01  4.19571526e+00 
 5.75439937e+01  4.25722992e+00 
 5.88843655e+01  4.31527288e+00 
 6.02559586e+01  4.36985082e+00 
 6.16595002e+01  4.42099766e+00 
 6.30957344e+01  4.46877183e+00 
 6.45654229e+01  4.51325327e+00 
 6.60693448e+01  4.55454029e+00 
 6.76082975e+01  4.59274647e+00 
 6.91830971e+01  4.62799753e+00 
 7.07945784e+01  4.66042845e+00 
 7.24435960e+01  4.69018068e+00 
 7.41310241e+01  4.71739973e+00 
 7.58577575e+01  4.74223289e+00 
 7.76247117e+01  4.76482735e+00 
 7.94328235e+01  4.78532854e+00 
 8.12830516e+01  4.80387876e+00 
 8.31763771e+01  4.82061606e+00 
 8.51138038e+01  4.83567339e+00 
 8.70963590e+01  4.84917792e+00 
 8.91250938e+01  4.86125055e+00 
 9.12010839e+01  4.87200566e+00 
 9.33254301e+01  4.88155092e+00 
 9.54992586e+01  4.88998721e+00 
 9.77237221e+01  4.89740873e+00 
 1.00000000e+02  4.90390309e+00 
 1.02329299e+02  4.90955148e+00 
 1.04712855e+02  4.91442895e+00 
 1.07151931e+02  4.91860466e+00 
 1.09647820e+02  4.92214214e+00 
 1.12201845e+02  4.92509964e+00 
 1.14815362e+02  4.92753039e+00 
 1.17489755e+02  4.92948296e+00 
 1.20226443e+02  4.93100152e+00 
 1.23026877e+02  4.93212619e+00 
 1.25892541e+02  4.93289327e+00 
 1.28824955e+02  4.93333555e+00 
 1.31825674e+02  4.93348259e+00 
 1.34896288e+02  4.93336091e+00 
 1.38038426e+02  4.93299427e+00 
 1.41253754e+02  4.93240389e+00 
 1.44543977e+02  4.93160860e+00 
 1.47910839e+02  4.93062511e+00 
 1.51356125e+02  4.92946809e+00 
 1.54881662e+02  4.92815040e+00 
 1.58489319e+02  4.92668323e+00 
 1.62181010e+02  4.92507618e+00 
 1.65958691e+02  4.92333745e+00 
 1.69824365e+02  4.92147391e+00 
 1.73780083e+02  4.91949121e+00 
 1.77827941e+02  4.91739389e+00 
 1.81970086e+02  4.91518543e+00 
 1.86208714e+02  4.91286836e+00 
 1.90546072e+02  4.91044429e+00 
 1.94984460e+02  4.90791399e+00 
 1.99526231e+02  4.90527745e+00 
 2.04173794e+02  4.90253392e+00 
 2.08929613e+02  4.89968192e+00 
 2.13796209e+02  4.89671934e+00 
 2.18776162e+02  4.89364340e+00 
 2.23872114e+02  4.89045072e+00 
 2.29086765e+02  4.88713733e+00 
 2.34422882e+02  4.88369867e+00 
 2.39883292e+02  4.88012965e+00 
 2.45470892e+02  4.87642459e+00 
 2.51188643e+02  4.87257730e+00 
 2.57039578e+02  4.86858101e+00 
 2.63026799e+02  4.86442843e+00 
 2.69153480e+02  4.86011172e+00 
 2.75422870e+02  4.85562249e+00 
 2.81838293e+02  4.85095179e+00 
 2.88403150e+02  4.84609010e+00 
 2.95120923e+02  4.84102730e+00 
 3.01995172e+02  4.83575271e+00 
 3.09029543e+02  4.83025499e+00 
 3.16227766e+02  4.82452220e+00 
 3.23593657e+02  4.81854173e+00 
 3.31131121e+02  4.81230029e+00 
 3.38844156e+02  4.80578388e+00 
 3.46736850e+02  4.79897779e+00 
 3.54813389e+02  4.79186653e+00 
 3.63078055e+02  4.78443384e+00 
 3.71535229e+02  4.77666261e+00 
 3.80189396e+02  4.76853492e+00 
 3.89045145e+02  4.76003194e+00 
 3.98107171e+02  4.75113393e+00 
 4.07380278e+02  4.74182021e+00 
 4.16869383e+02  4.73206909e+00 
 4.26579519e+02  4.72185788e+00 
 4.36515832e+02  4.71116285e+00 
 4.46683592e+02  4.69995918e+00 
 4.57088190e+02  4.68822094e+00 
 4.67735141e+02  4.67592106e+00 
 4.78630092e+02  4.66303132e+00 
 4.89778819e+02  4.64952230e+00 
 5.01187234e+02  4.63536342e+00 
 5.12861384e+02  4.62052287e+00 
 5.24807460e+02  4.60496765e+00 
 5.37031796e+02  4.58866356e+00 
 5.49540874e+02  4.57157521e+00 
 5.62341325e+02  4.55366609e+00 
 5.75439937e+02  4.53489856e+00 
 5.88843655e+02  4.51523392e+00 
 6.02559586e+02  4.49463250e+00 
 6.16595002e+02  4.47305376e+00 
 6.30957344e+02  4.45045634e+00 
 6.45654229e+02  4.42679827e+00 
 6.60693448e+02  4.40203709e+00 
 6.76082975e+02  4.37613005e+00 
 6.91830971e+02  4.34903428e+00 
 7.07945784e+02  4.32070711e+00 
 7.24435960e+02  4.29110627e+00 
 7.41310241e+02  4.26019025e+00 
 7.58577575e+02  4.22791861e+00 
 7.76247117e+02  4.19425238e+00 
 7.94328235e+02  4.15915441e+00 
 8.12830516e+02  4.12258988e+00 
 8.31763771e+02  4.08452670e+00 
 8.51138038e+02  4.04493606e+00 
 8.70963590e+02  4.00379288e+00 
 8.91250938e+02  3.96107638e+00 
 9.12010839e+02  3.91677058e+00 
 9.33254301e+02  3.87086486e+00 
 9.54992586e+02  3.82335449e+00 
 9.77237221e+02  3.77424112e+00 
 1.00000000e+03  3.72353325e+00 
 1.02329299e+03  3.67124669e+00 
 1.04712855e+03  3.61740492e+00 
 1.07151931e+03  3.56203946e+00 
 1.09647820e+03  3.50519002e+00 
 1.12201845e+03  3.44690475e+00 
 1.14815362e+03  3.38724023e+00 
 1.17489755e+03  3.32626143e+00 
 1.20226443e+03  3.26404161e+00 
 1.23026877e+03  3.20066195e+00 
 1.25892541e+03  3.13621124e+00 
 1.28824955e+03  3.07078531e+00 
 1.31825674e+03  3.00448649e+00 
 1.34896288e+03  2.93742283e+00 
 1.38038426e+03  2.86970735e+00 
 1.41253754e+03  2.80145713e+00 
 1.44543977e+03  2.73279238e+00 
 1.47910839e+03  2.66383548e+00 
 1.51356125e+03  2.59470998e+00 
 1.54881662e+03  2.52553955e+00 
 1.58489319e+03  2.45644704e+00 
 1.62181010e+03  2.38755348e+00 
 1.65958691e+03  2.31897719e+00 
 1.69824365e+03  2.25083292e+00 
 1.73780083e+03  2.18323104e+00 
 1.77827941e+03  2.11627691e+00 
 1.81970086e+03  2.05007022e+00 
 1.86208714e+03  1.98470451e+00 
 1.90546072e+03  1.92026677e+00 
 1.94984460e+03  1.85683711e+00 
 1.99526231e+03  1.79448856e+00 
 2.04173794e+03  1.73328697e+00 
 2.08929613e+03  1.67329094e+00 
 2.13796209e+03  1.61455189e+00 
 2.18776162e+03  1.55711418e+00 
 2.23872114e+03  1.50101525e+00 
 2.29086765e+03  1.44628592e+00 
 2.34422882e+03  1.39295061e+00 
 2.39883292e+03  1.34102768e+00 
 2.45470892e+03  1.29052975e+00 
 2.51188643e+03  1.24146411e+00 
 2.57039578e+03  1.19383303e+00 
 2.63026799e+03  1.14763421e+00 
 2.69153480e+03  1.10286111e+00 
 2.75422870e+03  1.05950335e+00 
 2.81838293e+03  1.01754712e+00 
 2.88403150e+03  9.76975463e-01 
 2.95120923e+03  9.37768697e-01 
 3.01995172e+03  8.99904707e-01 
 3.09029543e+03  8.63359277e-01 
 3.16227766e+03  8.28106379e-01 
 3.23593657e+03  7.94118452e-01 
 3.31131121e+03  7.61366662e-01 
 3.38844156e+03  7.29821136e-01 
 3.46736850e+03  6.99451186e-01 
 3.54813389e+03  6.70225504e-01 
 3.63078055e+03  6.42112346e-01 
 3.71535229e+03  6.15079700e-01 
 3.80189396e+03  5.89095425e-01 
 3.89045145e+03  5.64127395e-01 
 3.98107171e+03  5.40143607e-01 
 4.07380278e+03  5.17112291e-01 
 4.16869383e+03  4.95001996e-01 
 4.26579519e+03  4.73781677e-01 
 4.36515832e+03  4.53420756e-01 
 4.46683592e+03  4.33889186e-01 
 4.57088190e+03  4.15157498e-01 
 4.67735141e+03  3.97196846e-01 
 4.78630092e+03  3.79979036e-01 
 4.89778819e+03  3.63476557e-01 
 5.01187234e+03  3.47662603e-01 
 5.12861384e+03  3.32511087e-01 
 5.24807460e+03  3.17996653e-01 
 5.37031796e+03  3.04094680e-01 
 5.49540874e+03  2.90781293e-01 
 5.62341325e+03  2.78033352e-01 
 5.75439937e+03  2.65828459e-01 
 5.88843655e+03  2.54144944e-01 
 6.02559586e+03  2.42961863e-01 
 6.16595002e+03  2.32258987e-01 
 6.30957344e+03  2.22016786e-01 
 6.45654229e+03  2.12216424e-01 
 6.60693448e+03  2.02839739e-01 
 6.76082975e+03  1.93869230e-01 
 6.91830971e+03  1.85288042e-01 
 7.07945784e+03  1.77079951e-01 
 7.24435960e+03  1.69229343e-01 
 7.41310241e+03  1.61721202e-01 
 7.58577575e+03  1.54541092e-01 
 7.76247117e+03  1.47675136e-01 
 7.94328235e+03  1.41110004e-01 
 8.12830516e+03  1.34832890e-01 
 8.31763771e+03  1.28831502e-01 
 8.51138038e+03  1.23094038e-01 
 8.70963590e+03  1.17609173e-01 
 8.91250938e+03  1.12366043e-01 
 9.12010839e+03  1.07354226e-01 
 9.33254301e+03  1.02563731e-01 
 9.54992586e+03  9.79849758e-02 
 9.77237221e+03  9.36087772e-02 
 1.00000000e+04  8.94263338e-02 
 1.02329299e+04  8.54292126e-02 
 1.04712855e+04  8.16093341e-02 
 1.07151931e+04  7.79589594e-02 
 1.09647820e+04  7.44706766e-02 
 1.12201845e+04  7.11373883e-02 
 1.14815362e+04  6.79522988e-02 
 1.17489755e+04  6.49089023e-02 
 1.20226443e+04  6.20009717e-02 
 1.23026877e+04  5.92225464e-02 
 1.25892541e+04  5.65679226e-02 
 1.28824955e+04  5.40316421e-02 
 1.31825674e+04  5.16084826e-02 
 1.34896288e+04  4.92934475e-02 
 1.38038426e+04  4.70817575e-02 
 1.41253754e+04  4.49688405e-02 
 1.44543977e+04  4.29503238e-02 
 1.47910839e+04  4.10220252e-02 
 1.51356125e+04  3.91799454e-02 
 1.54881662e+04  3.74202600e-02 
 1.58489319e+04  3.57393123e-02 
 1.62181010e+04  3.41336061e-02 
 1.65958691e+04  3.25997991e-02 
 1.69824365e+04  3.11346958e-02 
 1.73780083e+04  2.97352420e-02 
 1.77827941e+04  2.83985181e-02 
 1.81970086e+04  2.71217338e-02 
 1.86208714e+04  2.59022223e-02 
 1.90546072e+04  2.47374351e-02 
 1.94984460e+04  2.36249369e-02 
 1.99526231e+04  2.25624007e-02 
 2.04173794e+04  2.15476032e-02 
 2.08929613e+04  2.05784205e-02 
 2.13796209e+04  1.96528234e-02 
 2.18776162e+04  1.87688738e-02 
 2.23872114e+04  1.79247206e-02 
 2.29086765e+04  1.71185959e-02 
 2.34422882e+04  1.63488116e-02 
 2.39883292e+04  1.56137557e-02 
 2.45470892e+04  1.49118897e-02 
 2.51188643e+04  1.42417447e-02 
 2.57039578e+04  1.36019190e-02 
 2.63026799e+04  1.29910752e-02 
 2.69153480e+04  1.24079374e-02 
 2.75422870e+04  1.18512887e-02 
 2.81838293e+04  1.13199688e-02 
 2.88403150e+04  1.08128717e-02 
 2.95120923e+04  1.03289437e-02 
 3.01995172e+04  9.86718078e-03 
 3.09029543e+04  9.42662736e-03 
 3.16227766e+04  9.00637393e-03 
 3.23593657e+04  8.60555553e-03 
 3.31131121e+04  8.22335001e-03 
 3.38844156e+04  7.85897652e-03 
 3.46736850e+04  7.51169400e-03 
 3.54813389e+04  7.18079981e-03 
 3.63078055e+04  6.86562844e-03 
 3.71535229e+04  6.56555023e-03 
 3.80189396e+04  6.27997025e-03 
 3.89045145e+04  6.00832715e-03 
 3.98107171e+04  5.75009210e-03 
 4.07380278e+04  5.50476777e-03 
 4.16869383e+04  5.27188733e-03 
 4.26579519e+04  5.05101341e-03 
 4.36515832e+04  4.84173712e-03 
 4.46683592e+04  4.64367701e-03 
 4.57088190e+04  4.45647794e-03 
 4.67735141e+04  4.27980991e-03 
 4.78630092e+04  4.11336677e-03 
 4.89778819e+04  3.95686480e-03 
 5.01187234e+04  3.81004108e-03 
 5.12861384e+04  3.67265177e-03 
 5.24807460e+04  3.54447005e-03 
 5.37031796e+04  3.42528398e-03 
 5.49540874e+04  3.31489400e-03 
 5.62341325e+04  3.21311038e-03 
 5.75439937e+04  3.11975039e-03 
 5.88843655e+04  3.03463539e-03 
 6.02559586e+04  2.95758800e-03 
 6.16595002e+04  2.88842919e-03 
 6.30957344e+04  2.82697571e-03 
 6.45654229e+04  2.77303777e-03 
 6.60693448e+04  2.72641718e-03 
 6.76082975e+04  2.68690610e-03 
 6.91830971e+04  2.65428633e-03 
 7.07945784e+04  2.62832940e-03 
 7.24435960e+04  2.60879724e-03 
 7.41310241e+04  2.59544354e-03 
 7.58577575e+04  2.58801560e-03 
 7.76247117e+04  2.58625666e-03 
 7.94328235e+04  2.58990843e-03 
 8.12830516e+04  2.59871379e-03 
 8.31763771e+04  2.61241945e-03 
 8.51138038e+04  2.63077843e-03 
 8.70963590e+04  2.65355233e-03 
 8.91250938e+04  2.68051326e-03 
 9.12010839e+04  2.71144540e-03 
 9.33254301e+04  2.74614620e-03 
 9.54992586e+04  2.78442723e-03 
 9.77237221e+04  2.82611461e-03 
 1.00000000e+05  2.87104927e-03 
