 1.00000000e+00  1.66751318e-01 
 1.02329299e+00  1.67398061e-01 
 1.04712855e+00  1.68022830e-01 
 1.07151931e+00  1.68626117e-01 
 1.09647820e+00  1.69208425e-01 
 1.12201845e+00  1.69770260e-01 
 1.14815362e+00  1.70312138e-01 
 1.17489755e+00  1.70834577e-01 
 1.20226443e+00  1.71338096e-01 
 1.23026877e+00  1.71823216e-01 
 1.25892541e+00  1.72290459e-01 
 1.28824955e+00  1.72740343e-01 
 1.31825674e+00  1.73173385e-01 
 1.34896288e+00  1.73590095e-01 
 1.38038426e+00  1.73990980e-01 
 1.41253754e+00  1.74376543e-01 
 1.44543977e+00  1.74747278e-01 
 1.47910839e+00  1.75103672e-01 
 1.51356125e+00  1.75446204e-01 
 1.54881662e+00  1.75775345e-01 
 1.58489319e+00  1.76091558e-01 
 1.62181010e+00  1.76395296e-01 
 1.65958691e+00  1.76687001e-01 
 1.69824365e+00  1.76967107e-01 
 1.73780083e+00  1.77236037e-01 
 1.77827941e+00  1.77494205e-01 
 1.81970086e+00  1.77742012e-01 
 1.86208714e+00  1.77979851e-01 
 1.90546072e+00  1.78208103e-01 
 1.94984460e+00  1.78427140e-01 
 1.99526231e+00  1.78637322e-01 
 2.04173794e+00  1.78839000e-01 
 2.08929613e+00  1.79032513e-01 
 2.13796209e+00  1.79218191e-01 
 2.18776162e+00  1.79396355e-01 
 2.23872114e+00  1.79567313e-01 
 2.29086765e+00  1.79731367e-01 
 2.34422882e+00  1.79888806e-01 
 2.39883292e+00  1.80039912e-01 
 2.45470892e+00  1.80184958e-01 
 2.51188643e+00  1.80324207e-01 
 2.57039578e+00  1.80457914e-01 
 2.63026799e+00  1.80586325e-01 
 2.69153480e+00  1.80709679e-01 
 2.75422870e+00  1.80828206e-01 
 2.81838293e+00  1.80942129e-01 
 2.88403150e+00  1.81051664e-01 
 2.95120923e+00  1.81157018e-01 
 3.01995172e+00  1.81258394e-01 
 3.09029543e+00  1.81355987e-01 
 3.16227766e+00  1.81449984e-01 
 3.23593657e+00  1.81540569e-01 
 3.31131121e+00  1.81627918e-01 
 3.38844156e+00  1.81712203e-01 
 3.46736850e+00  1.81793589e-01 
 3.54813389e+00  1.81872238e-01 
 3.63078055e+00  1.81948304e-01 
 3.71535229e+00  1.82021941e-01 
 3.80189396e+00  1.82093294e-01 
 3.89045145e+00  1.82162507e-01 
 3.98107171e+00  1.82229719e-01 
 4.07380278e+00  1.82295065e-01 
 4.16869383e+00  1.82358679e-01 
 4.26579519e+00  1.82420688e-01 
 4.36515832e+00  1.82481220e-01 
 4.46683592e+00  1.82540397e-01 
 4.57088190e+00  1.82598341e-01 
 4.67735141e+00  1.82655169e-01 
 4.78630092e+00  1.82711000e-01 
 4.89778819e+00  1.82765948e-01 
 5.01187234e+00  1.82820126e-01 
 5.12861384e+00  1.82873645e-01 
 5.24807460e+00  1.82926618e-01 
 5.37031796e+00  1.82979152e-01 
 5.49540874e+00  1.83031358e-01 
 5.62341325e+00  1.83083344e-01 
 5.75439937e+00  1.83135217e-01 
 5.88843655e+00  1.83187086e-01 
 6.02559586e+00  1.83239058e-01 
 6.16595002e+00  1.83291243e-01 
 6.30957344e+00  1.83343748e-01 
 6.45654229e+00  1.83396684e-01 
 6.60693448e+00  1.83450161e-01 
 6.76082975e+00  1.83504290e-01 
 6.91830971e+00  1.83559184e-01 
 7.07945784e+00  1.83614959e-01 
 7.24435960e+00  1.83671730e-01 
 7.41310241e+00  1.83729617e-01 
 7.58577575e+00  1.83788740e-01 
 7.76247117e+00  1.83849222e-01 
 7.94328235e+00  1.83911189e-01 
 8.12830516e+00  1.83974772e-01 
 8.31763771e+00  1.84040102e-01 
 8.51138038e+00  1.84107315e-01 
 8.70963590e+00  1.84176552e-01 
 8.91250938e+00  1.84247956e-01 
 9.12010839e+00  1.84321676e-01 
 9.33254301e+00  1.84397865e-01 
 9.54992586e+00  1.84476681e-01 
 9.77237221e+00  1.84558287e-01 
 1.00000000e+01  1.84642852e-01 
 1.02329299e+01  1.84730550e-01 
 1.04712855e+01  1.84821564e-01 
 1.07151931e+01  1.84916081e-01 
 1.09647820e+01  1.85014295e-01 
 1.12201845e+01  1.85116407e-01 
 1.14815362e+01  1.85222629e-01 
 1.17489755e+01  1.85333177e-01 
 1.20226443e+01  1.85448278e-01 
 1.23026877e+01  1.85568166e-01 
 1.25892541e+01  1.85693087e-01 
 1.28824955e+01  1.85823293e-01 
 1.31825674e+01  1.85959050e-01 
 1.34896288e+01  1.86100633e-01 
 1.38038426e+01  1.86248327e-01 
 1.41253754e+01  1.86402431e-01 
 1.44543977e+01  1.86563254e-01 
 1.47910839e+01  1.86731119e-01 
 1.51356125e+01  1.86906363e-01 
 1.54881662e+01  1.87089335e-01 
 1.58489319e+01  1.87280398e-01 
 1.62181010e+01  1.87479932e-01 
 1.65958691e+01  1.87688332e-01 
 1.69824365e+01  1.87906009e-01 
 1.73780083e+01  1.88133389e-01 
 1.77827941e+01  1.88370918e-01 
 1.81970086e+01  1.88619060e-01 
 1.86208714e+01  1.88878296e-01 
 1.90546072e+01  1.89149127e-01 
 1.94984460e+01  1.89432077e-01 
 1.99526231e+01  1.89727686e-01 
 2.04173794e+01  1.90036520e-01 
 2.08929613e+01  1.90359166e-01 
 2.13796209e+01  1.90696233e-01 
 2.18776162e+01  1.91048356e-01 
 2.23872114e+01  1.91416193e-01 
 2.29086765e+01  1.91800429e-01 
 2.34422882e+01  1.92201774e-01 
 2.39883292e+01  1.92620966e-01 
 2.45470892e+01  1.93058771e-01 
 2.51188643e+01  1.93515984e-01 
 2.57039578e+01  1.93993429e-01 
 2.63026799e+01  1.94491959e-01 
 2.69153480e+01  1.95012461e-01 
 2.75422870e+01  1.95555852e-01 
 2.81838293e+01  1.96123083e-01 
 2.88403150e+01  1.96715137e-01 
 2.95120923e+01  1.97333033e-01 
 3.01995172e+01  1.97977823e-01 
 3.09029543e+01  1.98650597e-01 
 3.16227766e+01  1.99352479e-01 
 3.23593657e+01  2.00084633e-01 
 3.31131121e+01  2.00848257e-01 
 3.38844156e+01  2.01644591e-01 
 3.46736850e+01  2.02474911e-01 
 3.54813389e+01  2.03340535e-01 
 3.63078055e+01  2.04242818e-01 
 3.71535229e+01  2.05183158e-01 
 3.80189396e+01  2.06162992e-01 
 3.89045145e+01  2.07183799e-01 
 3.98107171e+01  2.08247098e-01 
 4.07380278e+01  2.09354452e-01 
 4.16869383e+01  2.10507462e-01 
 4.26579519e+01  2.11707774e-01 
 4.36515832e+01  2.12957076e-01 
 4.46683592e+01  2.14257094e-01 
 4.57088190e+01  2.15609599e-01 
 4.67735141e+01  2.17016404e-01 
 4.78630092e+01  2.18479360e-01 
 4.89778819e+01  2.20000362e-01 
 5.01187234e+01  2.21581345e-01 
 5.12861384e+01  2.23224283e-01 
 5.24807460e+01  2.24931190e-01 
 5.37031796e+01  2.26704121e-01 
 5.49540874e+01  2.28545168e-01 
 5.62341325e+01  2.30456460e-01 
 5.75439937e+01  2.32440166e-01 
 5.88843655e+01  2.34498488e-01 
 6.02559586e+01  2.36633666e-01 
 6.16595002e+01  2.38847974e-01 
 6.30957344e+01  2.41143722e-01 
 6.45654229e+01  2.43523248e-01 
 6.60693448e+01  2.45988928e-01 
 6.76082975e+01  2.48543165e-01 
 6.91830971e+01  2.51188395e-01 
 7.07945784e+01  2.53927080e-01 
 7.24435960e+01  2.56761714e-01 
 7.41310241e+01  2.59694817e-01 
 7.58577575e+01  2.62728933e-01 
 7.76247117e+01  2.65866636e-01 
 7.94328235e+01  2.69110520e-01 
 8.12830516e+01  2.72463206e-01 
 8.31763771e+01  2.75927336e-01 
 8.51138038e+01  2.79505574e-01 
 8.70963590e+01  2.83200605e-01 
 8.91250938e+01  2.87015134e-01 
 9.12010839e+01  2.90951885e-01 
 9.33254301e+01  2.95013600e-01 
 9.54992586e+01  2.99203040e-01 
 9.77237221e+01  3.03522981e-01 
 1.00000000e+02  3.07976215e-01 
 1.02329299e+02  3.12565547e-01 
 1.04712855e+02  3.17293800e-01 
 1.07151931e+02  3.22163806e-01 
 1.09647820e+02  3.27178410e-01 
 1.12201845e+02  3.32340469e-01 
 1.14815362e+02  3.37652849e-01 
 1.17489755e+02  3.43118422e-01 
 1.20226443e+02  3.48740071e-01 
 1.23026877e+02  3.54520683e-01 
 1.25892541e+02  3.60463148e-01 
 1.28824955e+02  3.66570360e-01 
 1.31825674e+02  3.72845214e-01 
 1.34896288e+02  3.79290600e-01 
 1.38038426e+02  3.85909410e-01 
 1.41253754e+02  3.92704525e-01 
 1.44543977e+02  3.99678820e-01 
 1.47910839e+02  4.06835158e-01 
 1.51356125e+02  4.14176387e-01 
 1.54881662e+02  4.21705337e-01 
 1.58489319e+02  4.29424815e-01 
 1.62181010e+02  4.37337604e-01 
 1.65958691e+02  4.45446456e-01 
 1.69824365e+02  4.53754087e-01 
 1.73780083e+02  4.62263175e-01 
 1.77827941e+02  4.70976351e-01 
 1.81970086e+02  4.79896196e-01 
 1.86208714e+02  4.89025230e-01 
 1.90546072e+02  4.98365913e-01 
 1.94984460e+02  5.07920631e-01 
 1.99526231e+02  5.17691691e-01 
 2.04173794e+02  5.27681312e-01 
 2.08929613e+02  5.37891620e-01 
 2.13796209e+02  5.48324634e-01 
 2.18776162e+02  5.58982259e-01 
 2.23872114e+02  5.69866275e-01 
 2.29086765e+02  5.80978328e-01 
 2.34422882e+02  5.92319919e-01 
 2.39883292e+02  6.03892388e-01 
 2.45470892e+02  6.15696911e-01 
 2.51188643e+02  6.27734477e-01 
 2.57039578e+02  6.40005883e-01 
 2.63026799e+02  6.52511719e-01 
 2.69153480e+02  6.65252352e-01 
 2.75422870e+02  6.78227913e-01 
 2.81838293e+02  6.91438284e-01 
 2.88403150e+02  7.04883084e-01 
 2.95120923e+02  7.18561650e-01 
 3.01995172e+02  7.32473026e-01 
 3.09029543e+02  7.46615948e-01 
 3.16227766e+02  7.60988827e-01 
 3.23593657e+02  7.75589735e-01 
 3.31131121e+02  7.90416390e-01 
 3.38844156e+02  8.05466144e-01 
 3.46736850e+02  8.20735963e-01 
 3.54813389e+02  8.36222420e-01 
 3.63078055e+02  8.51921679e-01 
 3.71535229e+02  8.67829482e-01 
 3.80189396e+02  8.83941140e-01 
 3.89045145e+02  9.00251521e-01 
 3.98107171e+02  9.16755041e-01 
 4.07380278e+02  9.33445658e-01 
 4.16869383e+02  9.50316863e-01 
 4.26579519e+02  9.67361677e-01 
 4.36515832e+02  9.84572650e-01 
 4.46683592e+02  1.00194186e+00 
 4.57088190e+02  1.01946090e+00 
 4.67735141e+02  1.03712090e+00 
 4.78630092e+02  1.05491254e+00 
 4.89778819e+02  1.07282603e+00 
 5.01187234e+02  1.09085114e+00 
 5.12861384e+02  1.10897720e+00 
 5.24807460e+02  1.12719313e+00 
 5.37031796e+02  1.14548745e+00 
 5.49540874e+02  1.16384832e+00 
 5.62341325e+02  1.18226354e+00 
 5.75439937e+02  1.20072057e+00 
 5.88843655e+02  1.21920659e+00 
 6.02559586e+02  1.23770852e+00 
 6.16595002e+02  1.25621304e+00 
 6.30957344e+02  1.27470666e+00 
 6.45654229e+02  1.29317572e+00 
 6.60693448e+02  1.31160646e+00 
 6.76082975e+02  1.32998502e+00 
 6.91830971e+02  1.34829757e+00 
 7.07945784e+02  1.36653025e+00 
 7.24435960e+02  1.38466930e+00 
 7.41310241e+02  1.40270104e+00 
 7.58577575e+02  1.42061198e+00 
 7.76247117e+02  1.43838882e+00 
 7.94328235e+02  1.45601849e+00 
 8.12830516e+02  1.47348826e+00 
 8.31763771e+02  1.49078569e+00 
 8.51138038e+02  1.50789874e+00 
 8.70963590e+02  1.52481579e+00 
 8.91250938e+02  1.54152568e+00 
 9.12010839e+02  1.55801771e+00 
 9.33254301e+02  1.57428173e+00 
 9.54992586e+02  1.59030814e+00 
 9.77237221e+02  1.60608789e+00 
 1.00000000e+03  1.62161256e+00 
 1.02329299e+03  1.63687433e+00 
 1.04712855e+03  1.65186601e+00 
 1.07151931e+03  1.66658106e+00 
 1.09647820e+03  1.68101358e+00 
 1.12201845e+03  1.69515835e+00 
 1.14815362e+03  1.70901077e+00 
 1.17489755e+03  1.72256693e+00 
 1.20226443e+03  1.73582355e+00 
 1.23026877e+03  1.74877798e+00 
 1.25892541e+03  1.76142823e+00 
 1.28824955e+03  1.77377287e+00 
 1.31825674e+03  1.78581113e+00 
 1.34896288e+03  1.79754276e+00 
 1.38038426e+03  1.80896810e+00 
 1.41253754e+03  1.82008801e+00 
 1.44543977e+03  1.83090385e+00 
 1.47910839e+03  1.84141748e+00 
 1.51356125e+03  1.85163120e+00 
 1.54881662e+03  1.86154775e+00 
 1.58489319e+03  1.87117025e+00 
 1.62181010e+03  1.88050220e+00 
 1.65958691e+03  1.88954746e+00 
 1.69824365e+03  1.89831017e+00 
 1.73780083e+03  1.90679479e+00 
 1.77827941e+03  1.91500601e+00 
 1.81970086e+03  1.92294876e+00 
 1.86208714e+03  1.93062819e+00 
 1.90546072e+03  1.93804959e+00 
 1.94984460e+03  1.94521845e+00 
 1.99526231e+03  1.95214036e+00 
 2.04173794e+03  1.95882102e+00 
 2.08929613e+03  1.96526622e+00 
 2.13796209e+03  1.97148181e+00 
 2.18776162e+03  1.97747370e+00 
 2.23872114e+03  1.98324781e+00 
 2.29086765e+03  1.98881008e+00 
 2.34422882e+03  1.99416644e+00 
 2.39883292e+03  1.99932280e+00 
 2.45470892e+03  2.00428505e+00 
 2.51188643e+03  2.00905901e+00 
 2.57039578e+03  2.01365046e+00 
 2.63026799e+03  2.01806511e+00 
 2.69153480e+03  2.02230860e+00 
 2.75422870e+03  2.02638647e+00 
 2.81838293e+03  2.03030419e+00 
 2.88403150e+03  2.03406711e+00 
 2.95120923e+03  2.03768050e+00 
 3.01995172e+03  2.04114949e+00 
 3.09029543e+03  2.04447914e+00 
 3.16227766e+03  2.04767436e+00 
 3.23593657e+03  2.05073995e+00 
 3.31131121e+03  2.05368061e+00 
 3.38844156e+03  2.05650090e+00 
 3.46736850e+03  2.05920525e+00 
 3.54813389e+03  2.06179798e+00 
 3.63078055e+03  2.06428329e+00 
 3.71535229e+03  2.06666526e+00 
 3.80189396e+03  2.06894782e+00 
 3.89045145e+03  2.07113481e+00 
 3.98107171e+03  2.07322994e+00 
 4.07380278e+03  2.07523680e+00 
 4.16869383e+03  2.07715885e+00 
 4.26579519e+03  2.07899945e+00 
 4.36515832e+03  2.08076185e+00 
 4.46683592e+03  2.08244918e+00 
 4.57088190e+03  2.08406446e+00 
 4.67735141e+03  2.08561060e+00 
 4.78630092e+03  2.08709043e+00 
 4.89778819e+03  2.08850664e+00 
 5.01187234e+03  2.08986186e+00 
 5.12861384e+03  2.09115859e+00 
 5.24807460e+03  2.09239926e+00 
 5.37031796e+03  2.09358619e+00 
 5.49540874e+03  2.09472163e+00 
 5.62341325e+03  2.09580774e+00 
 5.75439937e+03  2.09684658e+00 
 5.88843655e+03  2.09784016e+00 
 6.02559586e+03  2.09879037e+00 
 6.16595002e+03  2.09969907e+00 
 6.30957344e+03  2.10056801e+00 
 6.45654229e+03  2.10139889e+00 
 6.60693448e+03  2.10219333e+00 
 6.76082975e+03  2.10295291e+00 
 6.91830971e+03  2.10367911e+00 
 7.07945784e+03  2.10437338e+00 
 7.24435960e+03  2.10503708e+00 
 7.41310241e+03  2.10567155e+00 
 7.58577575e+03  2.10627805e+00 
 7.76247117e+03  2.10685778e+00 
 7.94328235e+03  2.10741193e+00 
 8.12830516e+03  2.10794160e+00 
 8.31763771e+03  2.10844785e+00 
 8.51138038e+03  2.10893172e+00 
 8.70963590e+03  2.10939419e+00 
 8.91250938e+03  2.10983618e+00 
 9.12010839e+03  2.11025861e+00 
 9.33254301e+03  2.11066233e+00 
 9.54992586e+03  2.11104817e+00 
 9.77237221e+03  2.11141691e+00 
 1.00000000e+04  2.11176932e+00 
 1.02329299e+04  2.11210610e+00 
 1.04712855e+04  2.11242797e+00 
 1.07151931e+04  2.11273558e+00 
 1.09647820e+04  2.11302955e+00 
 1.12201845e+04  2.11331051e+00 
 1.14815362e+04  2.11357903e+00 
 1.17489755e+04  2.11383566e+00 
 1.20226443e+04  2.11408095e+00 
 1.23026877e+04  2.11431538e+00 
 1.25892541e+04  2.11453946e+00 
 1.28824955e+04  2.11475365e+00 
 1.31825674e+04  2.11495839e+00 
 1.34896288e+04  2.11515411e+00 
 1.38038426e+04  2.11534121e+00 
 1.41253754e+04  2.11552009e+00 
 1.44543977e+04  2.11569113e+00 
 1.47910839e+04  2.11585467e+00 
 1.51356125e+04  2.11601106e+00 
 1.54881662e+04  2.11616062e+00 
 1.58489319e+04  2.11630368e+00 
 1.62181010e+04  2.11644052e+00 
 1.65958691e+04  2.11657144e+00 
 1.69824365e+04  2.11669670e+00 
 1.73780083e+04  2.11681658e+00 
 1.77827941e+04  2.11693133e+00 
 1.81970086e+04  2.11704118e+00 
 1.86208714e+04  2.11714636e+00 
 1.90546072e+04  2.11724710e+00 
 1.94984460e+04  2.11734361e+00 
 1.99526231e+04  2.11743609e+00 
 2.04173794e+04  2.11752474e+00 
 2.08929613e+04  2.11760974e+00 
 2.13796209e+04  2.11769127e+00 
 2.18776162e+04  2.11776950e+00 
 2.23872114e+04  2.11784460e+00 
 2.29086765e+04  2.11791673e+00 
 2.34422882e+04  2.11798604e+00 
 2.39883292e+04  2.11805267e+00 
 2.45470892e+04  2.11811677e+00 
 2.51188643e+04  2.11817846e+00 
 2.57039578e+04  2.11823789e+00 
 2.63026799e+04  2.11829517e+00 
 2.69153480e+04  2.11835043e+00 
 2.75422870e+04  2.11840378e+00 
 2.81838293e+04  2.11845534e+00 
 2.88403150e+04  2.11850522e+00 
 2.95120923e+04  2.11855352e+00 
 3.01995172e+04  2.11860033e+00 
 3.09029543e+04  2.11864577e+00 
 3.16227766e+04  2.11868993e+00 
 3.23593657e+04  2.11873290e+00 
 3.31131121e+04  2.11877477e+00 
 3.38844156e+04  2.11881563e+00 
 3.46736850e+04  2.11885557e+00 
 3.54813389e+04  2.11889467e+00 
 3.63078055e+04  2.11893301e+00 
 3.71535229e+04  2.11897067e+00 
 3.80189396e+04  2.11900774e+00 
 3.89045145e+04  2.11904430e+00 
 3.98107171e+04  2.11908041e+00 
 4.07380278e+04  2.11911616e+00 
 4.16869383e+04  2.11915162e+00 
 4.26579519e+04  2.11918687e+00 
 4.36515832e+04  2.11922198e+00 
 4.46683592e+04  2.11925702e+00 
 4.57088190e+04  2.11929207e+00 
 4.67735141e+04  2.11932720e+00 
 4.78630092e+04  2.11936250e+00 
 4.89778819e+04  2.11939802e+00 
 5.01187234e+04  2.11943385e+00 
 5.12861384e+04  2.11947006e+00 
 5.24807460e+04  2.11950672e+00 
 5.37031796e+04  2.11954392e+00 
 5.49540874e+04  2.11958174e+00 
 5.62341325e+04  2.11962024e+00 
 5.75439937e+04  2.11965952e+00 
 5.88843655e+04  2.11969965e+00 
 6.02559586e+04  2.11974073e+00 
 6.16595002e+04  2.11978282e+00 
 6.30957344e+04  2.11982603e+00 
 6.45654229e+04  2.11987045e+00 
 6.60693448e+04  2.11991616e+00 
 6.76082975e+04  2.11996326e+00 
 6.91830971e+04  2.12001185e+00 
 7.07945784e+04  2.12006203e+00 
 7.24435960e+04  2.12011390e+00 
 7.41310241e+04  2.12016757e+00 
 7.58577575e+04  2.12022316e+00 
 7.76247117e+04  2.12028078e+00 
 7.94328235e+04  2.12034054e+00 
 8.12830516e+04  2.12040257e+00 
 8.31763771e+04  2.12046701e+00 
 8.51138038e+04  2.12053397e+00 
 8.70963590e+04  2.12060359e+00 
 8.91250938e+04  2.12067603e+00 
 9.12010839e+04  2.12075143e+00 
 9.33254301e+04  2.12082994e+00 
 9.54992586e+04  2.12091172e+00 
 9.77237221e+04  2.12099694e+00 
 1.00000000e+05  2.12108577e+00 
 1.02329299e+05  2.12117839e+00 
 1.04712855e+05  2.12127498e+00 
 1.07151931e+05  2.12137575e+00 
 1.09647820e+05  2.12148089e+00 
 1.12201845e+05  2.12159062e+00 
 1.14815362e+05  2.12170515e+00 
 1.17489755e+05  2.12182471e+00 
 1.20226443e+05  2.12194953e+00 
 1.23026877e+05  2.12207987e+00 
 1.25892541e+05  2.12221598e+00 
 1.28824955e+05  2.12235813e+00 
 1.31825674e+05  2.12250660e+00 
 1.34896288e+05  2.12266167e+00 
 1.38038426e+05  2.12282364e+00 
 1.41253754e+05  2.12299284e+00 
 1.44543977e+05  2.12316957e+00 
 1.47910839e+05  2.12335419e+00 
 1.51356125e+05  2.12354703e+00 
 1.54881662e+05  2.12374847e+00 
 1.58489319e+05  2.12395889e+00 
 1.62181010e+05  2.12417867e+00 
 1.65958691e+05  2.12440823e+00 
 1.69824365e+05  2.12464799e+00 
 1.73780083e+05  2.12489839e+00 
 1.77827941e+05  2.12515988e+00 
 1.81970086e+05  2.12543294e+00 
 1.86208714e+05  2.12571805e+00 
 1.90546072e+05  2.12601573e+00 
 1.94984460e+05  2.12632649e+00 
 1.99526231e+05  2.12665088e+00 
 2.04173794e+05  2.12698946e+00 
 2.08929613e+05  2.12734281e+00 
 2.13796209e+05  2.12771153e+00 
 2.18776162e+05  2.12809623e+00 
 2.23872114e+05  2.12849755e+00 
 2.29086765e+05  2.12891614e+00 
 2.34422882e+05  2.12935268e+00 
 2.39883292e+05  2.12980787e+00 
 2.45470892e+05  2.13028241e+00 
 2.51188643e+05  2.13077703e+00 
 2.57039578e+05  2.13129249e+00 
 2.63026799e+05  2.13182956e+00 
 2.69153480e+05  2.13238902e+00 
 2.75422870e+05  2.13297168e+00 
 2.81838293e+05  2.13357834e+00 
 2.88403150e+05  2.13420986e+00 
 2.95120923e+05  2.13486708e+00 
 3.01995172e+05  2.13555085e+00 
 3.09029543e+05  2.13626206e+00 
 3.16227766e+05  2.13700160e+00 
 3.23593657e+05  2.13777035e+00 
 3.31131121e+05  2.13856921e+00 
 3.38844156e+05  2.13939909e+00 
 3.46736850e+05  2.14026090e+00 
 3.54813389e+05  2.14115555e+00 
 3.63078055e+05  2.14208393e+00 
 3.71535229e+05  2.14304695e+00 
 3.80189396e+05  2.14404550e+00 
 3.89045145e+05  2.14508044e+00 
 3.98107171e+05  2.14615264e+00 
 4.07380278e+05  2.14726293e+00 
 4.16869383e+05  2.14841213e+00 
 4.26579519e+05  2.14960100e+00 
 4.36515832e+05  2.15083030e+00 
 4.46683592e+05  2.15210073e+00 
 4.57088190e+05  2.15341295e+00 
 4.67735141e+05  2.15476755e+00 
 4.78630092e+05  2.15616508e+00 
 4.89778819e+05  2.15760603e+00 
 5.01187234e+05  2.15909080e+00 
 5.12861384e+05  2.16061973e+00 
 5.24807460e+05  2.16219306e+00 
 5.37031796e+05  2.16381094e+00 
 5.49540874e+05  2.16547343e+00 
 5.62341325e+05  2.16718049e+00 
 5.75439937e+05  2.16893196e+00 
 5.88843655e+05  2.17072754e+00 
 6.02559586e+05  2.17256685e+00 
 6.16595002e+05  2.17444934e+00 
 6.30957344e+05  2.17637433e+00 
 6.45654229e+05  2.17834101e+00 
 6.60693448e+05  2.18034841e+00 
 6.76082975e+05  2.18239541e+00 
 6.91830971e+05  2.18448073e+00 
 7.07945784e+05  2.18660294e+00 
 7.24435960e+05  2.18876044e+00 
 7.41310241e+05  2.19095145e+00 
 7.58577575e+05  2.19317405e+00 
 7.76247117e+05  2.19542615e+00 
 7.94328235e+05  2.19770547e+00 
 8.12830516e+05  2.20000962e+00 
 8.31763771e+05  2.20233600e+00 
 8.51138038e+05  2.20468188e+00 
 8.70963590e+05  2.20704440e+00 
 8.91250938e+05  2.20942053e+00 
 9.12010839e+05  2.21180713e+00 
 9.33254301e+05  2.21420094e+00 
 9.54992586e+05  2.21659858e+00 
 9.77237221e+05  2.21899658e+00 
 1.00000000e+06  2.22139137e+00 
 1.02329299e+06  2.22377934e+00 
 1.04712855e+06  2.22615681e+00 
 1.07151931e+06  2.22852004e+00 
 1.09647820e+06  2.23086530e+00 
 1.12201845e+06  2.23318885e+00 
 1.14815362e+06  2.23548694e+00 
 1.17489755e+06  2.23775588e+00 
 1.20226443e+06  2.23999201e+00 
 1.23026877e+06  2.24219175e+00 
 1.25892541e+06  2.24435158e+00 
 1.28824955e+06  2.24646812e+00 
 1.31825674e+06  2.24853807e+00 
 1.34896288e+06  2.25055830e+00 
 1.38038426e+06  2.25252582e+00 
 1.41253754e+06  2.25443780e+00 
 1.44543977e+06  2.25629159e+00 
 1.47910839e+06  2.25808474e+00 
 1.51356125e+06  2.25981501e+00 
 1.54881662e+06  2.26148036e+00 
 1.58489319e+06  2.26307897e+00 
 1.62181010e+06  2.26460927e+00 
 1.65958691e+06  2.26606992e+00 
 1.69824365e+06  2.26745979e+00 
 1.73780083e+06  2.26877803e+00 
 1.77827941e+06  2.27002401e+00 
 1.81970086e+06  2.27119734e+00 
 1.86208714e+06  2.27229789e+00 
 1.90546072e+06  2.27332573e+00 
 1.94984460e+06  2.27428120e+00 
 1.99526231e+06  2.27516482e+00 
 2.04173794e+06  2.27597735e+00 
 2.08929613e+06  2.27671976e+00 
 2.13796209e+06  2.27739321e+00 
 2.18776162e+06  2.27799902e+00 
 2.23872114e+06  2.27853872e+00 
 2.29086765e+06  2.27901398e+00 
 2.34422882e+06  2.27942662e+00 
 2.39883292e+06  2.27977858e+00 
 2.45470892e+06  2.28007194e+00 
 2.51188643e+06  2.28030888e+00 
 2.57039578e+06  2.28049164e+00 
 2.63026799e+06  2.28062258e+00 
 2.69153480e+06  2.28070408e+00 
 2.75422870e+06  2.28073860e+00 
 2.81838293e+06  2.28072862e+00 
 2.88403150e+06  2.28067662e+00 
 2.95120923e+06  2.28058513e+00 
 3.01995172e+06  2.28045663e+00 
 3.09029543e+06  2.28029361e+00 
 3.16227766e+06  2.28009853e+00 
 3.23593657e+06  2.27987380e+00 
 3.31131121e+06  2.27962181e+00 
 3.38844156e+06  2.27934487e+00 
 3.46736850e+06  2.27904524e+00 
 3.54813389e+06  2.27872510e+00 
 3.63078055e+06  2.27838657e+00 
 3.71535229e+06  2.27803168e+00 
 3.80189396e+06  2.27766238e+00 
 3.89045145e+06  2.27728055e+00 
 3.98107171e+06  2.27688794e+00 
 4.07380278e+06  2.27648624e+00 
 4.16869383e+06  2.27607705e+00 
 4.26579519e+06  2.27566186e+00 
 4.36515832e+06  2.27524207e+00 
 4.46683592e+06  2.27481900e+00 
 4.57088190e+06  2.27439385e+00 
 4.67735141e+06  2.27396777e+00 
 4.78630092e+06  2.27354179e+00 
 4.89778819e+06  2.27311687e+00 
 5.01187234e+06  2.27269387e+00 
 5.12861384e+06  2.27227359e+00 
 5.24807460e+06  2.27185674e+00 
 5.37031796e+06  2.27144396e+00 
 5.49540874e+06  2.27103580e+00 
 5.62341325e+06  2.27063278e+00 
 5.75439937e+06  2.27023532e+00 
 5.88843655e+06  2.26984379e+00 
 6.02559586e+06  2.26945851e+00 
 6.16595002e+06  2.26907974e+00 
 6.30957344e+06  2.26870768e+00 
 6.45654229e+06  2.26834248e+00 
 6.60693448e+06  2.26798428e+00 
 6.76082975e+06  2.26763312e+00 
 6.91830971e+06  2.26728906e+00 
 7.07945784e+06  2.26695208e+00 
 7.24435960e+06  2.26662215e+00 
 7.41310241e+06  2.26629920e+00 
 7.58577575e+06  2.26598313e+00 
 7.76247117e+06  2.26567382e+00 
 7.94328235e+06  2.26537113e+00 
 8.12830516e+06  2.26507489e+00 
 8.31763771e+06  2.26478489e+00 
 8.51138038e+06  2.26450095e+00 
 8.70963590e+06  2.26422283e+00 
 8.91250938e+06  2.26395030e+00 
 9.12010839e+06  2.26368310e+00 
 9.33254301e+06  2.26342096e+00 
 9.54992586e+06  2.26316360e+00 
 9.77237221e+06  2.26291074e+00 
 1.00000000e+07  2.26266207e+00 
 1.02329299e+07  2.26241729e+00 
 1.04712855e+07  2.26217608e+00 
 1.07151931e+07  2.26193812e+00 
 1.09647820e+07  2.26170306e+00 
 1.12201845e+07  2.26147058e+00 
 1.14815362e+07  2.26124032e+00 
 1.17489755e+07  2.26101193e+00 
 1.20226443e+07  2.26078504e+00 
 1.23026877e+07  2.26055931e+00 
 1.25892541e+07  2.26033434e+00 
 1.28824955e+07  2.26010976e+00 
 1.31825674e+07  2.25988518e+00 
 1.34896288e+07  2.25966021e+00 
 1.38038426e+07  2.25943445e+00 
 1.41253754e+07  2.25920748e+00 
 1.44543977e+07  2.25897890e+00 
 1.47910839e+07  2.25874828e+00 
 1.51356125e+07  2.25851518e+00 
 1.54881662e+07  2.25827917e+00 
 1.58489319e+07  2.25803978e+00 
 1.62181010e+07  2.25779656e+00 
 1.65958691e+07  2.25754904e+00 
 1.69824365e+07  2.25729672e+00 
 1.73780083e+07  2.25703911e+00 
 1.77827941e+07  2.25677569e+00 
 1.81970086e+07  2.25650595e+00 
 1.86208714e+07  2.25622934e+00 
 1.90546072e+07  2.25594530e+00 
 1.94984460e+07  2.25565326e+00 
 1.99526231e+07  2.25535264e+00 
 2.04173794e+07  2.25504281e+00 
 2.08929613e+07  2.25472316e+00 
 2.13796209e+07  2.25439303e+00 
 2.18776162e+07  2.25405174e+00 
 2.23872114e+07  2.25369861e+00 
 2.29086765e+07  2.25333291e+00 
 2.34422882e+07  2.25295389e+00 
 2.39883292e+07  2.25256078e+00 
 2.45470892e+07  2.25215279e+00 
 2.51188643e+07  2.25172907e+00 
 2.57039578e+07  2.25128876e+00 
 2.63026799e+07  2.25083097e+00 
 2.69153480e+07  2.25035477e+00 
 2.75422870e+07  2.24985918e+00 
 2.81838293e+07  2.24934320e+00 
 2.88403150e+07  2.24880578e+00 
 2.95120923e+07  2.24824584e+00 
 3.01995172e+07  2.24766225e+00 
 3.09029543e+07  2.24705383e+00 
 3.16227766e+07  2.24641935e+00 
 3.23593657e+07  2.24575755e+00 
 3.31131121e+07  2.24506709e+00 
 3.38844156e+07  2.24434659e+00 
 3.46736850e+07  2.24359464e+00 
 3.54813389e+07  2.24280972e+00 
 3.63078055e+07  2.24199028e+00 
 3.71535229e+07  2.24113471e+00 
 3.80189396e+07  2.24024133e+00 
 3.89045145e+07  2.23930839e+00 
 3.98107171e+07  2.23833405e+00 
 4.07380278e+07  2.23731644e+00 
 4.16869383e+07  2.23625357e+00 
 4.26579519e+07  2.23514339e+00 
 4.36515832e+07  2.23398379e+00 
 4.46683592e+07  2.23277253e+00 
 4.57088190e+07  2.23150732e+00 
 4.67735141e+07  2.23018577e+00 
 4.78630092e+07  2.22880539e+00 
 4.89778819e+07  2.22736361e+00 
 5.01187234e+07  2.22585773e+00 
 5.12861384e+07  2.22428498e+00 
 5.24807460e+07  2.22264248e+00 
 5.37031796e+07  2.22092724e+00 
 5.49540874e+07  2.21913615e+00 
 5.62341325e+07  2.21726600e+00 
 5.75439937e+07  2.21531346e+00 
 5.88843655e+07  2.21327510e+00 
 6.02559586e+07  2.21114733e+00 
 6.16595002e+07  2.20892649e+00 
 6.30957344e+07  2.20660875e+00 
 6.45654229e+07  2.20419018e+00 
 6.60693448e+07  2.20166673e+00 
 6.76082975e+07  2.19903419e+00 
 6.91830971e+07  2.19628825e+00 
 7.07945784e+07  2.19342446e+00 
 7.24435960e+07  2.19043824e+00 
 7.41310241e+07  2.18732488e+00 
 7.58577575e+07  2.18407953e+00 
 7.76247117e+07  2.18069724e+00 
 7.94328235e+07  2.17717290e+00 
 8.12830516e+07  2.17350129e+00 
 8.31763771e+07  2.16967707e+00 
 8.51138038e+07  2.16569478e+00 
 8.70963590e+07  2.16154884e+00 
 8.91250938e+07  2.15723357e+00 
 9.12010839e+07  2.15274318e+00 
 9.33254301e+07  2.14807177e+00 
 9.54992586e+07  2.14321338e+00 
 9.77237221e+07  2.13816194e+00 
 1.00000000e+08  2.13291133e+00 
