 1.00000000e+00  3.10530292e-03 
 1.02329299e+00  3.17763529e-03 
 1.04712855e+00  3.25165255e-03 
 1.07151931e+00  3.32739394e-03 
 1.09647820e+00  3.40489961e-03 
 1.12201845e+00  3.48421068e-03 
 1.14815362e+00  3.56536919e-03 
 1.17489755e+00  3.64841818e-03 
 1.20226443e+00  3.73340170e-03 
 1.23026877e+00  3.82036481e-03 
 1.25892541e+00  3.90935361e-03 
 1.28824955e+00  4.00041532e-03 
 1.31825674e+00  4.09359820e-03 
 1.34896288e+00  4.18895168e-03 
 1.38038426e+00  4.28652632e-03 
 1.41253754e+00  4.38637387e-03 
 1.44543977e+00  4.48854728e-03 
 1.47910839e+00  4.59310073e-03 
 1.51356125e+00  4.70008967e-03 
 1.54881662e+00  4.80957083e-03 
 1.58489319e+00  4.92160229e-03 
 1.62181010e+00  5.03624344e-03 
 1.65958691e+00  5.15355510e-03 
 1.69824365e+00  5.27359947e-03 
 1.73780083e+00  5.39644022e-03 
 1.77827941e+00  5.52214251e-03 
 1.81970086e+00  5.65077299e-03 
 1.86208714e+00  5.78239990e-03 
 1.90546072e+00  5.91709304e-03 
 1.94984460e+00  6.05492386e-03 
 1.99526231e+00  6.19596546e-03 
 2.04173794e+00  6.34029264e-03 
 2.08929613e+00  6.48798197e-03 
 2.13796209e+00  6.63911178e-03 
 2.18776162e+00  6.79376223e-03 
 2.23872114e+00  6.95201535e-03 
 2.29086765e+00  7.11395510e-03 
 2.34422882e+00  7.27966738e-03 
 2.39883292e+00  7.44924009e-03 
 2.45470892e+00  7.62276320e-03 
 2.51188643e+00  7.80032874e-03 
 2.57039578e+00  7.98203094e-03 
 2.63026799e+00  8.16796618e-03 
 2.69153480e+00  8.35823311e-03 
 2.75422870e+00  8.55293269e-03 
 2.81838293e+00  8.75216821e-03 
 2.88403150e+00  8.95604538e-03 
 2.95120923e+00  9.16467240e-03 
 3.01995172e+00  9.37815996e-03 
 3.09029543e+00  9.59662135e-03 
 3.16227766e+00  9.82017250e-03 
 3.23593657e+00  1.00489321e-02 
 3.31131121e+00  1.02830214e-02 
 3.38844156e+00  1.05225648e-02 
 3.46736850e+00  1.07676894e-02 
 3.54813389e+00  1.10185253e-02 
 3.63078055e+00  1.12752057e-02 
 3.71535229e+00  1.15378667e-02 
 3.80189396e+00  1.18066479e-02 
 3.89045145e+00  1.20816920e-02 
 3.98107171e+00  1.23631449e-02 
 4.07380278e+00  1.26511562e-02 
 4.16869383e+00  1.29458787e-02 
 4.26579519e+00  1.32474690e-02 
 4.36515832e+00  1.35560872e-02 
 4.46683592e+00  1.38718973e-02 
 4.57088190e+00  1.41950671e-02 
 4.67735141e+00  1.45257681e-02 
 4.78630092e+00  1.48641761e-02 
 4.89778819e+00  1.52104708e-02 
 5.01187234e+00  1.55648364e-02 
 5.12861384e+00  1.59274611e-02 
 5.24807460e+00  1.62985376e-02 
 5.37031796e+00  1.66782632e-02 
 5.49540874e+00  1.70668398e-02 
 5.62341325e+00  1.74644738e-02 
 5.75439937e+00  1.78713769e-02 
 5.88843655e+00  1.82877653e-02 
 6.02559586e+00  1.87138606e-02 
 6.16595002e+00  1.91498894e-02 
 6.30957344e+00  1.95960837e-02 
 6.45654229e+00  2.00526810e-02 
 6.60693448e+00  2.05199241e-02 
 6.76082975e+00  2.09980620e-02 
 6.91830971e+00  2.14873490e-02 
 7.07945784e+00  2.19880459e-02 
 7.24435960e+00  2.25004193e-02 
 7.41310241e+00  2.30247421e-02 
 7.58577575e+00  2.35612937e-02 
 7.76247117e+00  2.41103601e-02 
 7.94328235e+00  2.46722341e-02 
 8.12830516e+00  2.52472152e-02 
 8.31763771e+00  2.58356102e-02 
 8.51138038e+00  2.64377329e-02 
 8.70963590e+00  2.70539048e-02 
 8.91250938e+00  2.76844548e-02 
 9.12010839e+00  2.83297197e-02 
 9.33254301e+00  2.89900441e-02 
 9.54992586e+00  2.96657809e-02 
 9.77237221e+00  3.03572915e-02 
 1.00000000e+01  3.10649456e-02 
 1.02329299e+01  3.17891218e-02 
 1.04712855e+01  3.25302078e-02 
 1.07151931e+01  3.32886005e-02 
 1.09647820e+01  3.40647061e-02 
 1.12201845e+01  3.48589407e-02 
 1.14815362e+01  3.56717302e-02 
 1.17489755e+01  3.65035107e-02 
 1.20226443e+01  3.73547287e-02 
 1.23026877e+01  3.82258416e-02 
 1.25892541e+01  3.91173176e-02 
 1.28824955e+01  4.00296362e-02 
 1.31825674e+01  4.09632883e-02 
 1.34896288e+01  4.19187770e-02 
 1.38038426e+01  4.28966171e-02 
 1.41253754e+01  4.38973361e-02 
 1.44543977e+01  4.49214743e-02 
 1.47910839e+01  4.59695850e-02 
 1.51356125e+01  4.70422350e-02 
 1.54881662e+01  4.81400049e-02 
 1.58489319e+01  4.92634895e-02 
 1.62181010e+01  5.04132981e-02 
 1.65958691e+01  5.15900548e-02 
 1.69824365e+01  5.27943995e-02 
 1.73780083e+01  5.40269872e-02 
 1.77827941e+01  5.52884897e-02 
 1.81970086e+01  5.65795949e-02 
 1.86208714e+01  5.79010082e-02 
 1.90546072e+01  5.92534523e-02 
 1.94984460e+01  6.06376680e-02 
 1.99526231e+01  6.20544147e-02 
 2.04173794e+01  6.35044708e-02 
 2.08929613e+01  6.49886344e-02 
 2.13796209e+01  6.65077237e-02 
 2.18776162e+01  6.80625778e-02 
 2.23872114e+01  6.96540571e-02 
 2.29086765e+01  7.12830439e-02 
 2.34422882e+01  7.29504433e-02 
 2.39883292e+01  7.46571838e-02 
 2.45470892e+01  7.64042178e-02 
 2.51188643e+01  7.81925225e-02 
 2.57039578e+01  8.00231009e-02 
 2.63026799e+01  8.18969820e-02 
 2.69153480e+01  8.38152222e-02 
 2.75422870e+01  8.57789058e-02 
 2.81838293e+01  8.77891463e-02 
 2.88403150e+01  8.98470869e-02 
 2.95120923e+01  9.19539017e-02 
 3.01995172e+01  9.41107968e-02 
 3.09029543e+01  9.63190111e-02 
 3.16227766e+01  9.85798179e-02 
 3.23593657e+01  1.00894525e-01 
 3.31131121e+01  1.03264479e-01 
 3.38844156e+01  1.05691061e-01 
 3.46736850e+01  1.08175694e-01 
 3.54813389e+01  1.10719839e-01 
 3.63078055e+01  1.13325003e-01 
 3.71535229e+01  1.15992732e-01 
 3.80189396e+01  1.18724621e-01 
 3.89045145e+01  1.21522311e-01 
 3.98107171e+01  1.24387491e-01 
 4.07380278e+01  1.27321901e-01 
 4.16869383e+01  1.30327334e-01 
 4.26579519e+01  1.33405640e-01 
 4.36515832e+01  1.36558723e-01 
 4.46683592e+01  1.39788549e-01 
 4.57088190e+01  1.43097144e-01 
 4.67735141e+01  1.46486601e-01 
 4.78630092e+01  1.49959081e-01 
 4.89778819e+01  1.53516813e-01 
 5.01187234e+01  1.57162102e-01 
 5.12861384e+01  1.60897329e-01 
 5.24807460e+01  1.64724957e-01 
 5.37031796e+01  1.68647534e-01 
 5.49540874e+01  1.72667695e-01 
 5.62341325e+01  1.76788168e-01 
 5.75439937e+01  1.81011780e-01 
 5.88843655e+01  1.85341459e-01 
 6.02559586e+01  1.89780243e-01 
 6.16595002e+01  1.94331280e-01 
 6.30957344e+01  1.98997839e-01 
 6.45654229e+01  2.03783313e-01 
 6.60693448e+01  2.08691230e-01 
 6.76082975e+01  2.13725254e-01 
 6.91830971e+01  2.18889198e-01 
 7.07945784e+01  2.24187031e-01 
 7.24435960e+01  2.29622885e-01 
 7.41310241e+01  2.35201066e-01 
 7.58577575e+01  2.40926064e-01 
 7.76247117e+01  2.46802567e-01 
 7.94328235e+01  2.52835465e-01 
 8.12830516e+01  2.59029873e-01 
 8.31763771e+01  2.65391136e-01 
 8.51138038e+01  2.71924848e-01 
 8.70963590e+01  2.78636870e-01 
 8.91250938e+01  2.85533341e-01 
 9.12010839e+01  2.92620703e-01 
 9.33254301e+01  2.99905719e-01 
 9.54992586e+01  3.07395491e-01 
 9.77237221e+01  3.15097492e-01 
 1.00000000e+02  3.23019585e-01 
 1.02329299e+02  3.31170053e-01 
 1.04712855e+02  3.39557630e-01 
 1.07151931e+02  3.48191534e-01 
 1.09647820e+02  3.57081504e-01 
 1.12201845e+02  3.66237837e-01 
 1.14815362e+02  3.75671433e-01 
 1.17489755e+02  3.85393842e-01 
 1.20226443e+02  3.95417317e-01 
 1.23026877e+02  4.05754866e-01 
 1.25892541e+02  4.16420319e-01 
 1.28824955e+02  4.27428393e-01 
 1.31825674e+02  4.38794770e-01 
 1.34896288e+02  4.50536177e-01 
 1.38038426e+02  4.62670477e-01 
 1.41253754e+02  4.75216774e-01 
 1.44543977e+02  4.88195520e-01 
 1.47910839e+02  5.01628642e-01 
 1.51356125e+02  5.15539677e-01 
 1.54881662e+02  5.29953926e-01 
 1.58489319e+02  5.44898626e-01 
 1.62181010e+02  5.60403136e-01 
 1.65958691e+02  5.76499156e-01 
 1.69824365e+02  5.93220957e-01 
 1.73780083e+02  6.10605655e-01 
 1.77827941e+02  6.28693510e-01 
 1.81970086e+02  6.47528261e-01 
 1.86208714e+02  6.67157514e-01 
 1.90546072e+02  6.87633173e-01 
 1.94984460e+02  7.09011931e-01 
 1.99526231e+02  7.31355829e-01 
 2.04173794e+02  7.54732893e-01 
 2.08929613e+02  7.79217864e-01 
 2.13796209e+02  8.04893028e-01 
 2.18776162e+02  8.31849179e-01 
 2.23872114e+02  8.60186718e-01 
 2.29086765e+02  8.90016928e-01 
 2.34422882e+02  9.21463453e-01 
 2.39883292e+02  9.54664005e-01 
 2.45470892e+02  9.89772363e-01 
 2.51188643e+02  1.02696070e+00 
 2.57039578e+02  1.06642231e+00 
 2.63026799e+02  1.10837482e+00 
 2.69153480e+02  1.15306393e+00 
 2.75422870e+02  1.20076787e+00 
 2.81838293e+02  1.25180267e+00 
 2.88403150e+02  1.30652832e+00 
 2.95120923e+02  1.36535619e+00 
 3.01995172e+02  1.42875765e+00 
 3.09029543e+02  1.49727442e+00 
 3.16227766e+02  1.57153059e+00 
 3.23593657e+02  1.65224677e+00 
 3.31131121e+02  1.74025630e+00 
 3.38844156e+02  1.83652353e+00 
 3.46736850e+02  1.94216369e+00 
 3.54813389e+02  2.05846291e+00 
 3.63078055e+02  2.18689558e+00 
 3.71535229e+02  2.32913337e+00 
 3.80189396e+02  2.48703523e+00 
 3.89045145e+02  2.66259905e+00 
 3.98107171e+02  2.85784121e+00 
 4.07380278e+02  3.07454683e+00 
 4.16869383e+02  3.31380033e+00 
 4.26579519e+02  3.57516654e+00 
 4.36515832e+02  3.85537483e+00 
 4.46683592e+02  4.14643901e+00 
 4.57088190e+02  4.43348438e+00 
 4.67735141e+02  4.69332886e+00 
 4.78630092e+02  4.89590052e+00 
 4.89778819e+02  5.01063232e+00 
 5.01187234e+02  5.01709580e+00 
 5.12861384e+02  4.91408509e+00 
 5.24807460e+02  4.72019717e+00 
 5.37031796e+02  4.46542008e+00 
 5.49540874e+02  4.18030078e+00 
 5.62341325e+02  3.88894661e+00 
 5.75439937e+02  3.60713102e+00 
 5.88843655e+02  3.34351250e+00 
 6.02559586e+02  3.10179303e+00 
 6.16595002e+02  2.88265443e+00 
 6.30957344e+02  2.68513749e+00 
 6.45654229e+02  2.50750971e+00 
 6.60693448e+02  2.34776705e+00 
 6.76082975e+02  2.20390317e+00 
 6.91830971e+02  2.07404124e+00 
 7.07945784e+02  1.95648841e+00 
 7.24435960e+02  1.84974897e+00 
 7.41310241e+02  1.75251695e+00 
 7.58577575e+02  1.66365931e+00 
 7.76247117e+02  1.58219605e+00 
 7.94328235e+02  1.50728034e+00 
 8.12830516e+02  1.43817996e+00 
 8.31763771e+02  1.37426088e+00 
 8.51138038e+02  1.31497293e+00 
 8.70963590e+02  1.25983747e+00 
 8.91250938e+02  1.20843697e+00 
 9.12010839e+02  1.16040614e+00 
 9.33254301e+02  1.11542443e+00 
 9.54992586e+02  1.07320969e+00 
 9.77237221e+02  1.03351287e+00 
 1.00000000e+03  9.96113429e-01 
 1.02329299e+03  9.60815569e-01 
 1.04712855e+03  9.27444929e-01 
 1.07151931e+03  8.95845829e-01 
 1.09647820e+03  8.65878893e-01 
 1.12201845e+03  8.37419027e-01 
 1.14815362e+03  8.10353670e-01 
 1.17489755e+03  7.84581299e-01 
 1.20226443e+03  7.60010134e-01 
 1.23026877e+03  7.36557014e-01 
 1.25892541e+03  7.14146428e-01 
 1.28824955e+03  6.92709663e-01 
 1.31825674e+03  6.72184071e-01 
 1.34896288e+03  6.52512420e-01 
 1.38038426e+03  6.33642325e-01 
 1.41253754e+03  6.15525751e-01 
 1.44543977e+03  5.98118576e-01 
 1.47910839e+03  5.81380200e-01 
 1.51356125e+03  5.65273203e-01 
 1.54881662e+03  5.49763039e-01 
 1.58489319e+03  5.34817768e-01 
 1.62181010e+03  5.20407812e-01 
 1.65958691e+03  5.06505742e-01 
 1.69824365e+03  4.93086082e-01 
 1.73780083e+03  4.80125142e-01 
 1.77827941e+03  4.67600860e-01 
 1.81970086e+03  4.55492660e-01 
 1.86208714e+03  4.43781334e-01 
 1.90546072e+03  4.32448924e-01 
 1.94984460e+03  4.21478618e-01 
 1.99526231e+03  4.10854666e-01 
 2.04173794e+03  4.00562287e-01 
 2.08929613e+03  3.90587600e-01 
 2.13796209e+03  3.80917550e-01 
 2.18776162e+03  3.71539849e-01 
 2.23872114e+03  3.62442919e-01 
 2.29086765e+03  3.53615835e-01 
 2.34422882e+03  3.45048283e-01 
 2.39883292e+03  3.36730515e-01 
 2.45470892e+03  3.28653306e-01 
 2.51188643e+03  3.20807924e-01 
 2.57039578e+03  3.13186089e-01 
 2.63026799e+03  3.05779947e-01 
 2.69153480e+03  2.98582040e-01 
 2.75422870e+03  2.91585282e-01 
 2.81838293e+03  2.84782932e-01 
 2.88403150e+03  2.78168575e-01 
 2.95120923e+03  2.71736098e-01 
 3.01995172e+03  2.65479675e-01 
 3.09029543e+03  2.59393747e-01 
 3.16227766e+03  2.53473007e-01 
 3.23593657e+03  2.47712384e-01 
 3.31131121e+03  2.42107030e-01 
 3.38844156e+03  2.36652309e-01 
 3.46736850e+03  2.31343780e-01 
 3.54813389e+03  2.26177192e-01 
 3.63078055e+03  2.21148467e-01 
 3.71535229e+03  2.16253699e-01 
 3.80189396e+03  2.11489135e-01 
 3.89045145e+03  2.06851177e-01 
 3.98107171e+03  2.02336363e-01 
 4.07380278e+03  1.97941373e-01 
 4.16869383e+03  1.93663008e-01 
 4.26579519e+03  1.89498196e-01 
 4.36515832e+03  1.85443977e-01 
 4.46683592e+03  1.81497504e-01 
 4.57088190e+03  1.77656034e-01 
 4.67735141e+03  1.73916923e-01 
 4.78630092e+03  1.70277623e-01 
 4.89778819e+03  1.66735679e-01 
 5.01187234e+03  1.63288722e-01 
 5.12861384e+03  1.59934465e-01 
 5.24807460e+03  1.56670703e-01 
 5.37031796e+03  1.53495306e-01 
 5.49540874e+03  1.50406217e-01 
 5.62341325e+03  1.47401452e-01 
 5.75439937e+03  1.44479091e-01 
 5.88843655e+03  1.41637281e-01 
 6.02559586e+03  1.38874230e-01 
 6.16595002e+03  1.36188207e-01 
 6.30957344e+03  1.33577538e-01 
 6.45654229e+03  1.31040604e-01 
 6.60693448e+03  1.28575840e-01 
 6.76082975e+03  1.26181733e-01 
 6.91830971e+03  1.23856820e-01 
 7.07945784e+03  1.21599684e-01 
 7.24435960e+03  1.19408956e-01 
 7.41310241e+03  1.17283311e-01 
 7.58577575e+03  1.15221467e-01 
 7.76247117e+03  1.13222186e-01 
 7.94328235e+03  1.11284267e-01 
 8.12830516e+03  1.09406551e-01 
 8.31763771e+03  1.07587914e-01 
 8.51138038e+03  1.05827273e-01 
 8.70963590e+03  1.04123575e-01 
 8.91250938e+03  1.02475806e-01 
 9.12010839e+03  1.00882983e-01 
 9.33254301e+03  9.93441551e-02 
 9.54992586e+03  9.78584040e-02 
 9.77237221e+03  9.64248407e-02 
 1.00000000e+04  9.50426059e-02 
 1.02329299e+04  9.37108685e-02 
 1.04712855e+04  9.24288252e-02 
 1.07151931e+04  9.11956993e-02 
 1.09647820e+04  9.00107397e-02 
 1.12201845e+04  8.88732205e-02 
 1.14815362e+04  8.77824401e-02 
 1.17489755e+04  8.67377198e-02 
 1.20226443e+04  8.57384041e-02 
 1.23026877e+04  8.47838586e-02 
 1.25892541e+04  8.38734705e-02 
 1.28824955e+04  8.30066468e-02 
 1.31825674e+04  8.21828142e-02 
 1.34896288e+04  8.14014180e-02 
 1.38038426e+04  8.06619213e-02 
 1.41253754e+04  7.99638045e-02 
 1.44543977e+04  7.93065643e-02 
 1.47910839e+04  7.86897129e-02 
 1.51356125e+04  7.81127773e-02 
 1.54881662e+04  7.75752984e-02 
 1.58489319e+04  7.70768304e-02 
 1.62181010e+04  7.66169397e-02 
 1.65958691e+04  7.61952043e-02 
 1.69824365e+04  7.58112126e-02 
 1.73780083e+04  7.54645630e-02 
 1.77827941e+04  7.51548625e-02 
 1.81970086e+04  7.48817264e-02 
 1.86208714e+04  7.46447766e-02 
 1.90546072e+04  7.44436413e-02 
 1.94984460e+04  7.42779539e-02 
 1.99526231e+04  7.41473517e-02 
 2.04173794e+04  7.40514751e-02 
 2.08929613e+04  7.39899667e-02 
 2.13796209e+04  7.39624700e-02 
 2.18776162e+04  7.39686283e-02 
 2.23872114e+04  7.40080839e-02 
 2.29086765e+04  7.40804767e-02 
 2.34422882e+04  7.41854431e-02 
 2.39883292e+04  7.43226150e-02 
 2.45470892e+04  7.44916185e-02 
 2.51188643e+04  7.46920725e-02 
 2.57039578e+04  7.49235881e-02 
 2.63026799e+04  7.51857669e-02 
 2.69153480e+04  7.54781997e-02 
 2.75422870e+04  7.58004660e-02 
 2.81838293e+04  7.61521319e-02 
 2.88403150e+04  7.65327496e-02 
 2.95120923e+04  7.69418559e-02 
 3.01995172e+04  7.73789713e-02 
 3.09029543e+04  7.78435986e-02 
 3.16227766e+04  7.83352220e-02 
 3.23593657e+04  7.88533061e-02 
 3.31131121e+04  7.93972949e-02 
 3.38844156e+04  7.99666108e-02 
 3.46736850e+04  8.05606540e-02 
 3.54813389e+04  8.11788015e-02 
 3.63078055e+04  8.18204065e-02 
 3.71535229e+04  8.24847978e-02 
 3.80189396e+04  8.31712797e-02 
 3.89045145e+04  8.38791312e-02 
 3.98107171e+04  8.46076060e-02 
 4.07380278e+04  8.53559324e-02 
 4.16869383e+04  8.61233137e-02 
 4.26579519e+04  8.69089278e-02 
 4.36515832e+04  8.77119281e-02 
 4.46683592e+04  8.85314440e-02 
 4.57088190e+04  8.93665815e-02 
 4.67735141e+04  9.02164243e-02 
 4.78630092e+04  9.10800346e-02 
 4.89778819e+04  9.19564549e-02 
 5.01187234e+04  9.28447087e-02 
 5.12861384e+04  9.37438030e-02 
 5.24807460e+04  9.46527295e-02 
 5.37031796e+04  9.55704667e-02 
 5.49540874e+04  9.64959823e-02 
 5.62341325e+04  9.74282351e-02 
 5.75439937e+04  9.83661777e-02 
 5.88843655e+04  9.93087590e-02 
 6.02559586e+04  1.00254927e-01 
 6.16595002e+04  1.01203630e-01 
 6.30957344e+04  1.02153823e-01 
 6.45654229e+04  1.03104467e-01 
 6.60693448e+04  1.04054532e-01 
 6.76082975e+04  1.05003004e-01 
 6.91830971e+04  1.05948883e-01 
 7.07945784e+04  1.06891188e-01 
 7.24435960e+04  1.07828959e-01 
 7.41310241e+04  1.08761262e-01 
 7.58577575e+04  1.09687188e-01 
 7.76247117e+04  1.10605859e-01 
 7.94328235e+04  1.11516427e-01 
 8.12830516e+04  1.12418080e-01 
 8.31763771e+04  1.13310039e-01 
 8.51138038e+04  1.14191564e-01 
 8.70963590e+04  1.15061954e-01 
 8.91250938e+04  1.15920550e-01 
 9.12010839e+04  1.16766732e-01 
 9.33254301e+04  1.17599923e-01 
 9.54992586e+04  1.18419592e-01 
 9.77237221e+04  1.19225248e-01 
 1.00000000e+05  1.20016446e-01 
 1.02329299e+05  1.20792785e-01 
 1.04712855e+05  1.21553907e-01 
 1.07151931e+05  1.22299498e-01 
 1.09647820e+05  1.23029286e-01 
 1.12201845e+05  1.23743042e-01 
 1.14815362e+05  1.24440576e-01 
 1.17489755e+05  1.25121741e-01 
 1.20226443e+05  1.25786427e-01 
 1.23026877e+05  1.26434559e-01 
 1.25892541e+05  1.27066102e-01 
 1.28824955e+05  1.27681053e-01 
 1.31825674e+05  1.28279440e-01 
 1.34896288e+05  1.28861325e-01 
 1.38038426e+05  1.29426796e-01 
 1.41253754e+05  1.29975971e-01 
 1.44543977e+05  1.30508991e-01 
 1.47910839e+05  1.31026023e-01 
 1.51356125e+05  1.31527252e-01 
 1.54881662e+05  1.32012887e-01 
 1.58489319e+05  1.32483152e-01 
 1.62181010e+05  1.32938289e-01 
 1.65958691e+05  1.33378555e-01 
 1.69824365e+05  1.33804219e-01 
 1.73780083e+05  1.34215561e-01 
 1.77827941e+05  1.34612872e-01 
 1.81970086e+05  1.34996452e-01 
 1.86208714e+05  1.35366605e-01 
 1.90546072e+05  1.35723644e-01 
 1.94984460e+05  1.36067884e-01 
 1.99526231e+05  1.36399646e-01 
 2.04173794e+05  1.36719250e-01 
 2.08929613e+05  1.37027019e-01 
 2.13796209e+05  1.37323276e-01 
 2.18776162e+05  1.37608344e-01 
 2.23872114e+05  1.37882542e-01 
 2.29086765e+05  1.38146188e-01 
 2.34422882e+05  1.38399599e-01 
 2.39883292e+05  1.38643085e-01 
 2.45470892e+05  1.38876954e-01 
 2.51188643e+05  1.39101510e-01 
 2.57039578e+05  1.39317050e-01 
 2.63026799e+05  1.39523866e-01 
 2.69153480e+05  1.39722245e-01 
 2.75422870e+05  1.39912468e-01 
 2.81838293e+05  1.40094809e-01 
 2.88403150e+05  1.40269535e-01 
 2.95120923e+05  1.40436908e-01 
 3.01995172e+05  1.40597181e-01 
 3.09029543e+05  1.40750603e-01 
 3.16227766e+05  1.40897412e-01 
 3.23593657e+05  1.41037842e-01 
 3.31131121e+05  1.41172119e-01 
 3.38844156e+05  1.41300461e-01 
 3.46736850e+05  1.41423081e-01 
 3.54813389e+05  1.41540183e-01 
 3.63078055e+05  1.41651966e-01 
 3.71535229e+05  1.41758618e-01 
 3.80189396e+05  1.41860325e-01 
 3.89045145e+05  1.41957264e-01 
 3.98107171e+05  1.42049605e-01 
 4.07380278e+05  1.42137512e-01 
 4.16869383e+05  1.42221142e-01 
 4.26579519e+05  1.42300647e-01 
 4.36515832e+05  1.42376171e-01 
 4.46683592e+05  1.42447854e-01 
 4.57088190e+05  1.42515828e-01 
 4.67735141e+05  1.42580220e-01 
 4.78630092e+05  1.42641153e-01 
 4.89778819e+05  1.42698741e-01 
 5.01187234e+05  1.42753096e-01 
 5.12861384e+05  1.42804324e-01 
 5.24807460e+05  1.42852523e-01 
 5.37031796e+05  1.42897791e-01 
 5.49540874e+05  1.42940216e-01 
 5.62341325e+05  1.42979887e-01 
 5.75439937e+05  1.43016883e-01 
 5.88843655e+05  1.43051281e-01 
 6.02559586e+05  1.43083156e-01 
 6.16595002e+05  1.43112576e-01 
 6.30957344e+05  1.43139605e-01 
 6.45654229e+05  1.43164304e-01 
 6.60693448e+05  1.43186732e-01 
 6.76082975e+05  1.43206942e-01 
 6.91830971e+05  1.43224984e-01 
 7.07945784e+05  1.43240907e-01 
 7.24435960e+05  1.43254753e-01 
 7.41310241e+05  1.43266566e-01 
 7.58577575e+05  1.43276383e-01 
 7.76247117e+05  1.43284240e-01 
 7.94328235e+05  1.43290170e-01 
 8.12830516e+05  1.43294206e-01 
 8.31763771e+05  1.43296375e-01 
 8.51138038e+05  1.43296704e-01 
 8.70963590e+05  1.43295219e-01 
 8.91250938e+05  1.43291942e-01 
 9.12010839e+05  1.43286896e-01 
 9.33254301e+05  1.43280101e-01 
 9.54992586e+05  1.43271575e-01 
 9.77237221e+05  1.43261336e-01 
 1.00000000e+06  1.43249402e-01 
 1.02329299e+06  1.43235789e-01 
 1.04712855e+06  1.43220512e-01 
 1.07151931e+06  1.43203587e-01 
 1.09647820e+06  1.43185029e-01 
 1.12201845e+06  1.43164853e-01 
 1.14815362e+06  1.43143074e-01 
 1.17489755e+06  1.43119708e-01 
 1.20226443e+06  1.43094770e-01 
 1.23026877e+06  1.43068278e-01 
 1.25892541e+06  1.43040249e-01 
 1.28824955e+06  1.43010702e-01 
 1.31825674e+06  1.42979656e-01 
 1.34896288e+06  1.42947132e-01 
 1.38038426e+06  1.42913154e-01 
 1.41253754e+06  1.42877746e-01 
 1.44543977e+06  1.42840933e-01 
 1.47910839e+06  1.42802744e-01 
 1.51356125e+06  1.42763209e-01 
 1.54881662e+06  1.42722359e-01 
 1.58489319e+06  1.42680231e-01 
 1.62181010e+06  1.42636859e-01 
 1.65958691e+06  1.42592283e-01 
 1.69824365e+06  1.42546545e-01 
 1.73780083e+06  1.42499689e-01 
 1.77827941e+06  1.42451760e-01 
 1.81970086e+06  1.42402808e-01 
 1.86208714e+06  1.42352884e-01 
 1.90546072e+06  1.42302040e-01 
 1.94984460e+06  1.42250333e-01 
 1.99526231e+06  1.42197821e-01 
 2.04173794e+06  1.42144561e-01 
 2.08929613e+06  1.42090617e-01 
 2.13796209e+06  1.42036051e-01 
 2.18776162e+06  1.41980928e-01 
 2.23872114e+06  1.41925314e-01 
 2.29086765e+06  1.41869275e-01 
 2.34422882e+06  1.41812879e-01 
 2.39883292e+06  1.41756196e-01 
 2.45470892e+06  1.41699293e-01 
 2.51188643e+06  1.41642240e-01 
 2.57039578e+06  1.41585105e-01 
 2.63026799e+06  1.41527956e-01 
 2.69153480e+06  1.41470863e-01 
 2.75422870e+06  1.41413890e-01 
 2.81838293e+06  1.41357105e-01 
 2.88403150e+06  1.41300571e-01 
 2.95120923e+06  1.41244351e-01 
 3.01995172e+06  1.41188507e-01 
 3.09029543e+06  1.41133096e-01 
 3.16227766e+06  1.41078175e-01 
 3.23593657e+06  1.41023800e-01 
 3.31131121e+06  1.40970021e-01 
 3.38844156e+06  1.40916887e-01 
 3.46736850e+06  1.40864446e-01 
 3.54813389e+06  1.40812739e-01 
 3.63078055e+06  1.40761808e-01 
 3.71535229e+06  1.40711689e-01 
 3.80189396e+06  1.40662418e-01 
 3.89045145e+06  1.40614025e-01 
 3.98107171e+06  1.40566539e-01 
 4.07380278e+06  1.40519985e-01 
 4.16869383e+06  1.40474384e-01 
 4.26579519e+06  1.40429756e-01 
 4.36515832e+06  1.40386117e-01 
 4.46683592e+06  1.40343480e-01 
 4.57088190e+06  1.40301856e-01 
 4.67735141e+06  1.40261253e-01 
 4.78630092e+06  1.40221676e-01 
 4.89778819e+06  1.40183129e-01 
 5.01187234e+06  1.40145611e-01 
 5.12861384e+06  1.40109122e-01 
 5.24807460e+06  1.40073657e-01 
 5.37031796e+06  1.40039212e-01 
 5.49540874e+06  1.40005779e-01 
 5.62341325e+06  1.39973348e-01 
 5.75439937e+06  1.39941910e-01 
 5.88843655e+06  1.39911453e-01 
 6.02559586e+06  1.39881963e-01 
 6.16595002e+06  1.39853425e-01 
 6.30957344e+06  1.39825826e-01 
 6.45654229e+06  1.39799147e-01 
 6.60693448e+06  1.39773373e-01 
 6.76082975e+06  1.39748484e-01 
 6.91830971e+06  1.39724464e-01 
 7.07945784e+06  1.39701292e-01 
 7.24435960e+06  1.39678950e-01 
 7.41310241e+06  1.39657418e-01 
 7.58577575e+06  1.39636675e-01 
 7.76247117e+06  1.39616702e-01 
 7.94328235e+06  1.39597479e-01 
 8.12830516e+06  1.39578985e-01 
 8.31763771e+06  1.39561200e-01 
 8.51138038e+06  1.39544105e-01 
 8.70963590e+06  1.39527678e-01 
 8.91250938e+06  1.39511900e-01 
 9.12010839e+06  1.39496752e-01 
 9.33254301e+06  1.39482215e-01 
 9.54992586e+06  1.39468268e-01 
 9.77237221e+06  1.39454893e-01 
 1.00000000e+07  1.39442073e-01 
