 1.00000000e+00  4.54536780e+00 
 1.02329299e+00  4.54536791e+00 
 1.04712855e+00  4.54536803e+00 
 1.07151931e+00  4.54536815e+00 
 1.09647820e+00  4.54536828e+00 
 1.12201845e+00  4.54536842e+00 
 1.14815362e+00  4.54536856e+00 
 1.17489755e+00  4.54536871e+00 
 1.20226443e+00  4.54536887e+00 
 1.23026877e+00  4.54536903e+00 
 1.25892541e+00  4.54536920e+00 
 1.28824955e+00  4.54536938e+00 
 1.31825674e+00  4.54536957e+00 
 1.34896288e+00  4.54536977e+00 
 1.38038426e+00  4.54536997e+00 
 1.41253754e+00  4.54537019e+00 
 1.44543977e+00  4.54537042e+00 
 1.47910839e+00  4.54537065e+00 
 1.51356125e+00  4.54537090e+00 
 1.54881662e+00  4.54537116e+00 
 1.58489319e+00  4.54537143e+00 
 1.62181010e+00  4.54537172e+00 
 1.65958691e+00  4.54537202e+00 
 1.69824365e+00  4.54537233e+00 
 1.73780083e+00  4.54537266e+00 
 1.77827941e+00  4.54537300e+00 
 1.81970086e+00  4.54537336e+00 
 1.86208714e+00  4.54537373e+00 
 1.90546072e+00  4.54537413e+00 
 1.94984460e+00  4.54537454e+00 
 1.99526231e+00  4.54537497e+00 
 2.04173794e+00  4.54537542e+00 
 2.08929613e+00  4.54537589e+00 
 2.13796209e+00  4.54537639e+00 
 2.18776162e+00  4.54537691e+00 
 2.23872114e+00  4.54537745e+00 
 2.29086765e+00  4.54537802e+00 
 2.34422882e+00  4.54537861e+00 
 2.39883292e+00  4.54537923e+00 
 2.45470892e+00  4.54537989e+00 
 2.51188643e+00  4.54538057e+00 
 2.57039578e+00  4.54538129e+00 
 2.63026799e+00  4.54538203e+00 
 2.69153480e+00  4.54538282e+00 
 2.75422870e+00  4.54538364e+00 
 2.81838293e+00  4.54538450e+00 
 2.88403150e+00  4.54538540e+00 
 2.95120923e+00  4.54538634e+00 
 3.01995172e+00  4.54538733e+00 
 3.09029543e+00  4.54538837e+00 
 3.16227766e+00  4.54538945e+00 
 3.23593657e+00  4.54539058e+00 
 3.31131121e+00  4.54539177e+00 
 3.38844156e+00  4.54539301e+00 
 3.46736850e+00  4.54539432e+00 
 3.54813389e+00  4.54539568e+00 
 3.63078055e+00  4.54539711e+00 
 3.71535229e+00  4.54539860e+00 
 3.80189396e+00  4.54540017e+00 
 3.89045145e+00  4.54540181e+00 
 3.98107171e+00  4.54540352e+00 
 4.07380278e+00  4.54540532e+00 
 4.16869383e+00  4.54540720e+00 
 4.26579519e+00  4.54540917e+00 
 4.36515832e+00  4.54541123e+00 
 4.46683592e+00  4.54541339e+00 
 4.57088190e+00  4.54541566e+00 
 4.67735141e+00  4.54541803e+00 
 4.78630092e+00  4.54542051e+00 
 4.89778819e+00  4.54542310e+00 
 5.01187234e+00  4.54542582e+00 
 5.12861384e+00  4.54542867e+00 
 5.24807460e+00  4.54543166e+00 
 5.37031796e+00  4.54543478e+00 
 5.49540874e+00  4.54543805e+00 
 5.62341325e+00  4.54544147e+00 
 5.75439937e+00  4.54544506e+00 
 5.88843655e+00  4.54544881e+00 
 6.02559586e+00  4.54545274e+00 
 6.16595002e+00  4.54545686e+00 
 6.30957344e+00  4.54546117e+00 
 6.45654229e+00  4.54546569e+00 
 6.60693448e+00  4.54547041e+00 
 6.76082975e+00  4.54547536e+00 
 6.91830971e+00  4.54548054e+00 
 7.07945784e+00  4.54548597e+00 
 7.24435960e+00  4.54549165e+00 
 7.41310241e+00  4.54549760e+00 
 7.58577575e+00  4.54550383e+00 
 7.76247117e+00  4.54551036e+00 
 7.94328235e+00  4.54551719e+00 
 8.12830516e+00  4.54552434e+00 
 8.31763771e+00  4.54553184e+00 
 8.51138038e+00  4.54553968e+00 
 8.70963590e+00  4.54554789e+00 
 8.91250938e+00  4.54555649e+00 
 9.12010839e+00  4.54556550e+00 
 9.33254301e+00  4.54557493e+00 
 9.54992586e+00  4.54558480e+00 
 9.77237221e+00  4.54559514e+00 
 1.00000000e+01  4.54560597e+00 
 1.02329299e+01  4.54561731e+00 
 1.04712855e+01  4.54562918e+00 
 1.07151931e+01  4.54564161e+00 
 1.09647820e+01  4.54565463e+00 
 1.12201845e+01  4.54566826e+00 
 1.14815362e+01  4.54568253e+00 
 1.17489755e+01  4.54569747e+00 
 1.20226443e+01  4.54571312e+00 
 1.23026877e+01  4.54572951e+00 
 1.25892541e+01  4.54574667e+00 
 1.28824955e+01  4.54576463e+00 
 1.31825674e+01  4.54578345e+00 
 1.34896288e+01  4.54580315e+00 
 1.38038426e+01  4.54582377e+00 
 1.41253754e+01  4.54584537e+00 
 1.44543977e+01  4.54586799e+00 
 1.47910839e+01  4.54589167e+00 
 1.51356125e+01  4.54591647e+00 
 1.54881662e+01  4.54594244e+00 
 1.58489319e+01  4.54596963e+00 
 1.62181010e+01  4.54599810e+00 
 1.65958691e+01  4.54602791e+00 
 1.69824365e+01  4.54605913e+00 
 1.73780083e+01  4.54609181e+00 
 1.77827941e+01  4.54612604e+00 
 1.81970086e+01  4.54616188e+00 
 1.86208714e+01  4.54619940e+00 
 1.90546072e+01  4.54623870e+00 
 1.94984460e+01  4.54627984e+00 
 1.99526231e+01  4.54632293e+00 
 2.04173794e+01  4.54636804e+00 
 2.08929613e+01  4.54641527e+00 
 2.13796209e+01  4.54646474e+00 
 2.18776162e+01  4.54651653e+00 
 2.23872114e+01  4.54657075e+00 
 2.29086765e+01  4.54662754e+00 
 2.34422882e+01  4.54668699e+00 
 2.39883292e+01  4.54674925e+00 
 2.45470892e+01  4.54681444e+00 
 2.51188643e+01  4.54688269e+00 
 2.57039578e+01  4.54695416e+00 
 2.63026799e+01  4.54702899e+00 
 2.69153480e+01  4.54710735e+00 
 2.75422870e+01  4.54718939e+00 
 2.81838293e+01  4.54727530e+00 
 2.88403150e+01  4.54736525e+00 
 2.95120923e+01  4.54745943e+00 
 3.01995172e+01  4.54755805e+00 
 3.09029543e+01  4.54766130e+00 
 3.16227766e+01  4.54776942e+00 
 3.23593657e+01  4.54788262e+00 
 3.31131121e+01  4.54800114e+00 
 3.38844156e+01  4.54812524e+00 
 3.46736850e+01  4.54825518e+00 
 3.54813389e+01  4.54839123e+00 
 3.63078055e+01  4.54853368e+00 
 3.71535229e+01  4.54868282e+00 
 3.80189396e+01  4.54883898e+00 
 3.89045145e+01  4.54900248e+00 
 3.98107171e+01  4.54917367e+00 
 4.07380278e+01  4.54935290e+00 
 4.16869383e+01  4.54954055e+00 
 4.26579519e+01  4.54973702e+00 
 4.36515832e+01  4.54994273e+00 
 4.46683592e+01  4.55015809e+00 
 4.57088190e+01  4.55038357e+00 
 4.67735141e+01  4.55061964e+00 
 4.78630092e+01  4.55086679e+00 
 4.89778819e+01  4.55112555e+00 
 5.01187234e+01  4.55139644e+00 
 5.12861384e+01  4.55168005e+00 
 5.24807460e+01  4.55197697e+00 
 5.37031796e+01  4.55228781e+00 
 5.49540874e+01  4.55261323e+00 
 5.62341325e+01  4.55295391e+00 
 5.75439937e+01  4.55331055e+00 
 5.88843655e+01  4.55368391e+00 
 6.02559586e+01  4.55407475e+00 
 6.16595002e+01  4.55448390e+00 
 6.30957344e+01  4.55491220e+00 
 6.45654229e+01  4.55536055e+00 
 6.60693448e+01  4.55582988e+00 
 6.76082975e+01  4.55632115e+00 
 6.91830971e+01  4.55683539e+00 
 7.07945784e+01  4.55737367e+00 
 7.24435960e+01  4.55793709e+00 
 7.41310241e+01  4.55852681e+00 
 7.58577575e+01  4.55914406e+00 
 7.76247117e+01  4.55979010e+00 
 7.94328235e+01  4.56046627e+00 
 8.12830516e+01  4.56117394e+00 
 8.31763771e+01  4.56191458e+00 
 8.51138038e+01  4.56268968e+00 
 8.70963590e+01  4.56350084e+00 
 8.91250938e+01  4.56434972e+00 
 9.12010839e+01  4.56523802e+00 
 9.33254301e+01  4.56616756e+00 
 9.54992586e+01  4.56714021e+00 
 9.77237221e+01  4.56815795e+00 
 1.00000000e+02  4.56922281e+00 
 1.02329299e+02  4.57033694e+00 
 1.04712855e+02  4.57150256e+00 
 1.07151931e+02  4.57272201e+00 
 1.09647820e+02  4.57399770e+00 
 1.12201845e+02  4.57533217e+00 
 1.14815362e+02  4.57672804e+00 
 1.17489755e+02  4.57818808e+00 
 1.20226443e+02  4.57971512e+00 
 1.23026877e+02  4.58131216e+00 
 1.25892541e+02  4.58298228e+00 
 1.28824955e+02  4.58472872e+00 
 1.31825674e+02  4.58655482e+00 
 1.34896288e+02  4.58846408e+00 
 1.38038426e+02  4.59046011e+00 
 1.41253754e+02  4.59254668e+00 
 1.44543977e+02  4.59472768e+00 
 1.47910839e+02  4.59700717e+00 
 1.51356125e+02  4.59938935e+00 
 1.54881662e+02  4.60187857e+00 
 1.58489319e+02  4.60447933e+00 
 1.62181010e+02  4.60719628e+00 
 1.65958691e+02  4.61003425e+00 
 1.69824365e+02  4.61299819e+00 
 1.73780083e+02  4.61609322e+00 
 1.77827941e+02  4.61932463e+00 
 1.81970086e+02  4.62269784e+00 
 1.86208714e+02  4.62621842e+00 
 1.90546072e+02  4.62989207e+00 
 1.94984460e+02  4.63372465e+00 
 1.99526231e+02  4.63772213e+00 
 2.04173794e+02  4.64189058e+00 
 2.08929613e+02  4.64623619e+00 
 2.13796209e+02  4.65076520e+00 
 2.18776162e+02  4.65548395e+00 
 2.23872114e+02  4.66039878e+00 
 2.29086765e+02  4.66551605e+00 
 2.34422882e+02  4.67084209e+00 
 2.39883292e+02  4.67638315e+00 
 2.45470892e+02  4.68214538e+00 
 2.51188643e+02  4.68813473e+00 
 2.57039578e+02  4.69435694e+00 
 2.63026799e+02  4.70081741e+00 
 2.69153480e+02  4.70752116e+00 
 2.75422870e+02  4.71447272e+00 
 2.81838293e+02  4.72167599e+00 
 2.88403150e+02  4.72913415e+00 
 2.95120923e+02  4.73684948e+00 
 3.01995172e+02  4.74482319e+00 
 3.09029543e+02  4.75305528e+00 
 3.16227766e+02  4.76154424e+00 
 3.23593657e+02  4.77028685e+00 
 3.31131121e+02  4.77927788e+00 
 3.38844156e+02  4.78850979e+00 
 3.46736850e+02  4.79797233e+00 
 3.54813389e+02  4.80765213e+00 
 3.63078055e+02  4.81753229e+00 
 3.71535229e+02  4.82759180e+00 
 3.80189396e+02  4.83780496e+00 
 3.89045145e+02  4.84814077e+00 
 3.98107171e+02  4.85856218e+00 
 4.07380278e+02  4.86902528e+00 
 4.16869383e+02  4.87947842e+00 
 4.26579519e+02  4.88986123e+00 
 4.36515832e+02  4.90010356e+00 
 4.46683592e+02  4.91012436e+00 
 4.57088190e+02  4.91983039e+00 
 4.67735141e+02  4.92911496e+00 
 4.78630092e+02  4.93785653e+00 
 4.89778819e+02  4.94591733e+00 
 5.01187234e+02  4.95314193e+00 
 5.12861384e+02  4.95935583e+00 
 5.24807460e+02  4.96436423e+00 
 5.37031796e+02  4.96795081e+00 
 5.49540874e+02  4.96987692e+00 
 5.62341325e+02  4.96988096e+00 
 5.75439937e+02  4.96767838e+00 
 5.88843655e+02  4.96296220e+00 
 6.02559586e+02  4.95540435e+00 
 6.16595002e+02  4.94465792e+00 
 6.30957344e+02  4.93036058e+00 
 6.45654229e+02  4.91213918e+00 
 6.60693448e+02  4.88961577e+00 
 6.76082975e+02  4.86241503e+00 
 6.91830971e+02  4.83017317e+00 
 7.07945784e+02  4.79254810e+00 
 7.24435960e+02  4.74923068e+00 
 7.41310241e+02  4.69995668e+00 
 7.58577575e+02  4.64451893e+00 
 7.76247117e+02  4.58277898e+00 
 7.94328235e+02  4.51467763e+00 
 8.12830516e+02  4.44024352e+00 
 8.31763771e+02  4.35959898e+00 
 8.51138038e+02  4.27296276e+00 
 8.70963590e+02  4.18064891e+00 
 8.91250938e+02  4.08306194e+00 
 9.12010839e+02  3.98068817e+00 
 9.33254301e+02  3.87408388e+00 
 9.54992586e+02  3.76386067e+00 
 9.77237221e+02  3.65066927e+00 
 1.00000000e+03  3.53518233e+00 
 1.02329299e+03  3.41807753e+00 
 1.04712855e+03  3.30002164e+00 
 1.07151931e+03  3.18165630e+00 
 1.09647820e+03  3.06358614e+00 
 1.12201845e+03  2.94636940e+00 
 1.14815362e+03  2.83051117e+00 
 1.17489755e+03  2.71645923e+00 
 1.20226443e+03  2.60460219e+00 
 1.23026877e+03  2.49526961e+00 
 1.25892541e+03  2.38873382e+00 
 1.28824955e+03  2.28521293e+00 
 1.31825674e+03  2.18487478e+00 
 1.34896288e+03  2.08784150e+00 
 1.38038426e+03  1.99419426e+00 
 1.41253754e+03  1.90397824e+00 
 1.44543977e+03  1.81720739e+00 
 1.47910839e+03  1.73386900e+00 
 1.51356125e+03  1.65392795e+00 
 1.54881662e+03  1.57733064e+00 
 1.58489319e+03  1.50400844e+00 
 1.62181010e+03  1.43388083e+00 
 1.65958691e+03  1.36685811e+00 
 1.69824365e+03  1.30284373e+00 
 1.73780083e+03  1.24173633e+00 
 1.77827941e+03  1.18343145e+00 
 1.81970086e+03  1.12782291e+00 
 1.86208714e+03  1.07480407e+00 
 1.90546072e+03  1.02426873e+00 
 1.94984460e+03  9.76111940e-01 
 1.99526231e+03  9.30230636e-01 
 2.04173794e+03  8.86524109e-01 
 2.08929613e+03  8.44894387e-01 
 2.13796209e+03  8.05246501e-01 
 2.18776162e+03  7.67488689e-01 
 2.23872114e+03  7.31532515e-01 
 2.29086765e+03  6.97292946e-01 
 2.34422882e+03  6.64688374e-01 
 2.39883292e+03  6.33640616e-01 
 2.45470892e+03  6.04074867e-01 
 2.51188643e+03  5.75919646e-01 
 2.57039578e+03  5.49106719e-01 
 2.63026799e+03  5.23571005e-01 
 2.69153480e+03  4.99250479e-01 
 2.75422870e+03  4.76086066e-01 
 2.81838293e+03  4.54021527e-01 
 2.88403150e+03  4.33003350e-01 
 2.95120923e+03  4.12980634e-01 
 3.01995172e+03  3.93904976e-01 
 3.09029543e+03  3.75730360e-01 
 3.16227766e+03  3.58413045e-01 
 3.23593657e+03  3.41911461e-01 
 3.31131121e+03  3.26186103e-01 
 3.38844156e+03  3.11199433e-01 
 3.46736850e+03  2.96915781e-01 
 3.54813389e+03  2.83301252e-01 
 3.63078055e+03  2.70323642e-01 
 3.71535229e+03  2.57952346e-01 
 3.80189396e+03  2.46158282e-01 
 3.89045145e+03  2.34913811e-01 
 3.98107171e+03  2.24192666e-01 
 4.07380278e+03  2.13969879e-01 
 4.16869383e+03  2.04221716e-01 
 4.26579519e+03  1.94925614e-01 
 4.36515832e+03  1.86060121e-01 
 4.46683592e+03  1.77604837e-01 
 4.57088190e+03  1.69540364e-01 
 4.67735141e+03  1.61848252e-01 
 4.78630092e+03  1.54510951e-01 
 4.89778819e+03  1.47511766e-01 
 5.01187234e+03  1.40834812e-01 
 5.12861384e+03  1.34464974e-01 
 5.24807460e+03  1.28387871e-01 
 5.37031796e+03  1.22589811e-01 
 5.49540874e+03  1.17057764e-01 
 5.62341325e+03  1.11779327e-01 
 5.75439937e+03  1.06742688e-01 
 5.88843655e+03  1.01936603e-01 
 6.02559586e+03  9.73503626e-02 
 6.16595002e+03  9.29737690e-02 
 6.30957344e+03  8.87971084e-02 
 6.45654229e+03  8.48111277e-02 
 6.60693448e+03  8.10070122e-02 
 6.76082975e+03  7.73763636e-02 
 6.91830971e+03  7.39111800e-02 
 7.07945784e+03  7.06038360e-02 
 7.24435960e+03  6.74470649e-02 
 7.41310241e+03  6.44339409e-02 
 7.58577575e+03  6.15578628e-02 
 7.76247117e+03  5.88125381e-02 
 7.94328235e+03  5.61919682e-02 
 8.12830516e+03  5.36904345e-02 
 8.31763771e+03  5.13024846e-02 
 8.51138038e+03  4.90229195e-02 
 8.70963590e+03  4.68467821e-02 
 8.91250938e+03  4.47693449e-02 
 9.12010839e+03  4.27860996e-02 
 9.33254301e+03  4.08927465e-02 
 9.54992586e+03  3.90851848e-02 
 9.77237221e+03  3.73595027e-02 
 1.00000000e+04  3.57119693e-02 
 1.02329299e+04  3.41390251e-02 
 1.04712855e+04  3.26372749e-02 
 1.07151931e+04  3.12034794e-02 
 1.09647820e+04  2.98345482e-02 
 1.12201845e+04  2.85275327e-02 
 1.14815362e+04  2.72796197e-02 
 1.17489755e+04  2.60881248e-02 
 1.20226443e+04  2.49504866e-02 
 1.23026877e+04  2.38642608e-02 
 1.25892541e+04  2.28271152e-02 
 1.28824955e+04  2.18368237e-02 
 1.31825674e+04  2.08912623e-02 
 1.34896288e+04  1.99884037e-02 
 1.38038426e+04  1.91263130e-02 
 1.41253754e+04  1.83031438e-02 
 1.44543977e+04  1.75171336e-02 
 1.47910839e+04  1.67666001e-02 
 1.51356125e+04  1.60499379e-02 
 1.54881662e+04  1.53656141e-02 
 1.58489319e+04  1.47121661e-02 
 1.62181010e+04  1.40881973e-02 
 1.65958691e+04  1.34923748e-02 
 1.69824365e+04  1.29234261e-02 
 1.73780083e+04  1.23801365e-02 
 1.77827941e+04  1.18613465e-02 
 1.81970086e+04  1.13659491e-02 
 1.86208714e+04  1.08928875e-02 
 1.90546072e+04  1.04411529e-02 
 1.94984460e+04  1.00097820e-02 
 1.99526231e+04  9.59785543e-03 
 2.04173794e+04  9.20449520e-03 
 2.08929613e+04  8.82886321e-03 
 2.13796209e+04  8.47015924e-03 
 2.18776162e+04  8.12761931e-03 
 2.23872114e+04  7.80051398e-03 
 2.29086765e+04  7.48814681e-03 
 2.34422882e+04  7.18985284e-03 
 2.39883292e+04  6.90499721e-03 
 2.45470892e+04  6.63297370e-03 
 2.51188643e+04  6.37320353e-03 
 2.57039578e+04  6.12513404e-03 
 2.63026799e+04  5.88823757e-03 
 2.69153480e+04  5.66201024e-03 
 2.75422870e+04  5.44597098e-03 
 2.81838293e+04  5.23966040e-03 
 2.88403150e+04  5.04263986e-03 
 2.95120923e+04  4.85449053e-03 
 3.01995172e+04  4.67481246e-03 
 3.09029543e+04  4.50322376e-03 
 3.16227766e+04  4.33935977e-03 
 3.23593657e+04  4.18287227e-03 
 3.31131121e+04  4.03342877e-03 
 3.38844156e+04  3.89071173e-03 
 3.46736850e+04  3.75441797e-03 
 3.54813389e+04  3.62425797e-03 
 3.63078055e+04  3.49995524e-03 
 3.71535229e+04  3.38124578e-03 
 3.80189396e+04  3.26787747e-03 
 3.89045145e+04  3.15960956e-03 
 3.98107171e+04  3.05621215e-03 
 4.07380278e+04  2.95746569e-03 
 4.16869383e+04  2.86316053e-03 
 4.26579519e+04  2.77309645e-03 
 4.36515832e+04  2.68708225e-03 
 4.46683592e+04  2.60493535e-03 
 4.57088190e+04  2.52648138e-03 
 4.67735141e+04  2.45155382e-03 
 4.78630092e+04  2.37999366e-03 
 4.89778819e+04  2.31164901e-03 
 5.01187234e+04  2.24637485e-03 
 5.12861384e+04  2.18403267e-03 
 5.24807460e+04  2.12449018e-03 
 5.37031796e+04  2.06762106e-03 
 5.49540874e+04  2.01330466e-03 
 5.62341325e+04  1.96142573e-03 
 5.75439937e+04  1.91187422e-03 
 5.88843655e+04  1.86454504e-03 
 6.02559586e+04  1.81933778e-03 
 6.16595002e+04  1.77615656e-03 
 6.30957344e+04  1.73490981e-03 
 6.45654229e+04  1.69551004e-03 
 6.60693448e+04  1.65787371e-03 
 6.76082975e+04  1.62192101e-03 
 6.91830971e+04  1.58757570e-03 
 7.07945784e+04  1.55476496e-03 
 7.24435960e+04  1.52341923e-03 
 7.41310241e+04  1.49347206e-03 
 7.58577575e+04  1.46485996e-03 
 7.76247117e+04  1.43752228e-03 
 7.94328235e+04  1.41140107e-03 
 8.12830516e+04  1.38644097e-03 
 8.31763771e+04  1.36258907e-03 
 8.51138038e+04  1.33979484e-03 
 8.70963590e+04  1.31800996e-03 
 8.91250938e+04  1.29718826e-03 
 9.12010839e+04  1.27728564e-03 
 9.33254301e+04  1.25825993e-03 
 9.54992586e+04  1.24007081e-03 
 9.77237221e+04  1.22267975e-03 
 1.00000000e+05  1.20604993e-03 
 1.02329299e+05  1.19014610e-03 
 1.04712855e+05  1.17493460e-03 
 1.07151931e+05  1.16038322e-03 
 1.09647820e+05  1.14646113e-03 
 1.12201845e+05  1.13313888e-03 
 1.14815362e+05  1.12038826e-03 
 1.17489755e+05  1.10818228e-03 
 1.20226443e+05  1.09649513e-03 
 1.23026877e+05  1.08530207e-03 
 1.25892541e+05  1.07457944e-03 
 1.28824955e+05  1.06430456e-03 
 1.31825674e+05  1.05445573e-03 
 1.34896288e+05  1.04501212e-03 
 1.38038426e+05  1.03595379e-03 
 1.41253754e+05  1.02726164e-03 
 1.44543977e+05  1.01891730e-03 
 1.47910839e+05  1.01090320e-03 
 1.51356125e+05  1.00320245e-03 
 1.54881662e+05  9.95798826e-04 
 1.58489319e+05  9.88676765e-04 
 1.62181010e+05  9.81821299e-04 
 1.65958691e+05  9.75218040e-04 
 1.69824365e+05  9.68853145e-04 
 1.73780083e+05  9.62713293e-04 
 1.77827941e+05  9.56785654e-04 
 1.81970086e+05  9.51057864e-04 
 1.86208714e+05  9.45518003e-04 
 1.90546072e+05  9.40154567e-04 
 1.94984460e+05  9.34956448e-04 
 1.99526231e+05  9.29912914e-04 
 2.04173794e+05  9.25013585e-04 
 2.08929613e+05  9.20248414e-04 
 2.13796209e+05  9.15607670e-04 
 2.18776162e+05  9.11081921e-04 
 2.23872114e+05  9.06662011e-04 
 2.29086765e+05  9.02339051e-04 
 2.34422882e+05  8.98104398e-04 
 2.39883292e+05  8.93949644e-04 
 2.45470892e+05  8.89866602e-04 
 2.51188643e+05  8.85847287e-04 
 2.57039578e+05  8.81883915e-04 
 2.63026799e+05  8.77968879e-04 
 2.69153480e+05  8.74094747e-04 
 2.75422870e+05  8.70254248e-04 
 2.81838293e+05  8.66440264e-04 
 2.88403150e+05  8.62645822e-04 
 2.95120923e+05  8.58864083e-04 
 3.01995172e+05  8.55088340e-04 
 3.09029543e+05  8.51312007e-04 
 3.16227766e+05  8.47528618e-04 
 3.23593657e+05  8.43731819e-04 
 3.31131121e+05  8.39915366e-04 
 3.38844156e+05  8.36073121e-04 
 3.46736850e+05  8.32199052e-04 
 3.54813389e+05  8.28287229e-04 
 3.63078055e+05  8.24331826e-04 
 3.71535229e+05  8.20327120e-04 
 3.80189396e+05  8.16267496e-04 
 3.89045145e+05  8.12147443e-04 
 3.98107171e+05  8.07961564e-04 
 4.07380278e+05  8.03704577e-04 
 4.16869383e+05  7.99371322e-04 
 4.26579519e+05  7.94956764e-04 
 4.36515832e+05  7.90456004e-04 
 4.46683592e+05  7.85864286e-04 
 4.57088190e+05  7.81177007e-04 
 4.67735141e+05  7.76389722e-04 
 4.78630092e+05  7.71498163e-04 
 4.89778819e+05  7.66498245e-04 
 5.01187234e+05  7.61386078e-04 
 5.12861384e+05  7.56157985e-04 
 5.24807460e+05  7.50810513e-04 
 5.37031796e+05  7.45340445e-04 
 5.49540874e+05  7.39744820e-04 
 5.62341325e+05  7.34020945e-04 
 5.75439937e+05  7.28166411e-04 
 5.88843655e+05  7.22179111e-04 
 6.02559586e+05  7.16057251e-04 
 6.16595002e+05  7.09799372e-04 
 6.30957344e+05  7.03404360e-04 
 6.45654229e+05  6.96871461e-04 
 6.60693448e+05  6.90200302e-04 
 6.76082975e+05  6.83390893e-04 
 6.91830971e+05  6.76443651e-04 
 7.07945784e+05  6.69359402e-04 
 7.24435960e+05  6.62139397e-04 
 7.41310241e+05  6.54785317e-04 
 7.58577575e+05  6.47299280e-04 
 7.76247117e+05  6.39683845e-04 
 7.94328235e+05  6.31942015e-04 
 8.12830516e+05  6.24077238e-04 
 8.31763771e+05  6.16093403e-04 
 8.51138038e+05  6.07994836e-04 
 8.70963590e+05  5.99786292e-04 
 8.91250938e+05  5.91472947e-04 
 9.12010839e+05  5.83060381e-04 
 9.33254301e+05  5.74554568e-04 
 9.54992586e+05  5.65961853e-04 
 9.77237221e+05  5.57288933e-04 
 1.00000000e+06  5.48542837e-04 
 1.02329299e+06  5.39730892e-04 
 1.04712855e+06  5.30860704e-04 
 1.07151931e+06  5.21940122e-04 
 1.09647820e+06  5.12977210e-04 
 1.12201845e+06  5.03980208e-04 
 1.14815362e+06  4.94957503e-04 
 1.17489755e+06  4.85917590e-04 
 1.20226443e+06  4.76869033e-04 
 1.23026877e+06  4.67820433e-04 
 1.25892541e+06  4.58780386e-04 
 1.28824955e+06  4.49757447e-04 
 1.31825674e+06  4.40760096e-04 
 1.34896288e+06  4.31796696e-04 
 1.38038426e+06  4.22875464e-04 
 1.41253754e+06  4.14004436e-04 
 1.44543977e+06  4.05191433e-04 
 1.47910839e+06  3.96444034e-04 
 1.51356125e+06  3.87769546e-04 
 1.54881662e+06  3.79174980e-04 
 1.58489319e+06  3.70667030e-04 
 1.62181010e+06  3.62252048e-04 
 1.65958691e+06  3.53936031e-04 
 1.69824365e+06  3.45724603e-04 
 1.73780083e+06  3.37623005e-04 
 1.77827941e+06  3.29636086e-04 
 1.81970086e+06  3.21768295e-04 
 1.86208714e+06  3.14023678e-04 
 1.90546072e+06  3.06405877e-04 
 1.94984460e+06  2.98918131e-04 
 1.99526231e+06  2.91563281e-04 
 2.04173794e+06  2.84343773e-04 
 2.08929613e+06  2.77261668e-04 
 2.13796209e+06  2.70318653e-04 
 2.18776162e+06  2.63516049e-04 
 2.23872114e+06  2.56854826e-04 
 2.29086765e+06  2.50335617e-04 
 2.34422882e+06  2.43958734e-04 
 2.39883292e+06  2.37724181e-04 
 2.45470892e+06  2.31631674e-04 
 2.51188643e+06  2.25680660e-04 
 2.57039578e+06  2.19870328e-04 
 2.63026799e+06  2.14199634e-04 
 2.69153480e+06  2.08667315e-04 
 2.75422870e+06  2.03271909e-04 
 2.81838293e+06  1.98011771e-04 
 2.88403150e+06  1.92885091e-04 
 2.95120923e+06  1.87889913e-04 
 3.01995172e+06  1.83024148e-04 
 3.09029543e+06  1.78285592e-04 
 3.16227766e+06  1.73671940e-04 
 3.23593657e+06  1.69180804e-04 
 3.31131121e+06  1.64809720e-04 
 3.38844156e+06  1.60556170e-04 
 3.46736850e+06  1.56417587e-04 
 3.54813389e+06  1.52391367e-04 
 3.63078055e+06  1.48474886e-04 
 3.71535229e+06  1.44665501e-04 
 3.80189396e+06  1.40960568e-04 
 3.89045145e+06  1.37357443e-04 
 3.98107171e+06  1.33853494e-04 
 4.07380278e+06  1.30446104e-04 
 4.16869383e+06  1.27132683e-04 
 4.26579519e+06  1.23910667e-04 
 4.36515832e+06  1.20777528e-04 
 4.46683592e+06  1.17730775e-04 
 4.57088190e+06  1.14767959e-04 
 4.67735141e+06  1.11886678e-04 
 4.78630092e+06  1.09084574e-04 
 4.89778819e+06  1.06359343e-04 
 5.01187234e+06  1.03708730e-04 
 5.12861384e+06  1.01130534e-04 
 5.24807460e+06  9.86226099e-05 
 5.37031796e+06  9.61828654e-05 
 5.49540874e+06  9.38092651e-05 
 5.62341325e+06  9.14998290e-05 
 5.75439937e+06  8.92526328e-05 
 5.88843655e+06  8.70658080e-05 
 6.02559586e+06  8.49375406e-05 
 6.16595002e+06  8.28660716e-05 
 6.30957344e+06  8.08496955e-05 
 6.45654229e+06  7.88867595e-05 
 6.60693448e+06  7.69756630e-05 
 6.76082975e+06  7.51148561e-05 
 6.91830971e+06  7.33028388e-05 
 7.07945784e+06  7.15381595e-05 
 7.24435960e+06  6.98194139e-05 
 7.41310241e+06  6.81452442e-05 
 7.58577575e+06  6.65143368e-05 
 7.76247117e+06  6.49254222e-05 
 7.94328235e+06  6.33772726e-05 
 8.12830516e+06  6.18687015e-05 
 8.31763771e+06  6.03985616e-05 
 8.51138038e+06  5.89657442e-05 
 8.70963590e+06  5.75691775e-05 
 8.91250938e+06  5.62078255e-05 
 9.12010839e+06  5.48806866e-05 
 9.33254301e+06  5.35867925e-05 
 9.54992586e+06  5.23252073e-05 
 9.77237221e+06  5.10950257e-05 
 1.00000000e+07  4.98953725e-05 
 1.02329299e+07  4.87254010e-05 
 1.04712855e+07  4.75842925e-05 
 1.07151931e+07  4.64712546e-05 
 1.09647820e+07  4.53855210e-05 
 1.12201845e+07  4.43263497e-05 
 1.14815362e+07  4.32930226e-05 
 1.17489755e+07  4.22848447e-05 
 1.20226443e+07  4.13011427e-05 
 1.23026877e+07  4.03412647e-05 
 1.25892541e+07  3.94045792e-05 
 1.28824955e+07  3.84904743e-05 
 1.31825674e+07  3.75983569e-05 
 1.34896288e+07  3.67276523e-05 
 1.38038426e+07  3.58778031e-05 
 1.41253754e+07  3.50482690e-05 
 1.44543977e+07  3.42385258e-05 
 1.47910839e+07  3.34480650e-05 
 1.51356125e+07  3.26763931e-05 
 1.54881662e+07  3.19230312e-05 
 1.58489319e+07  3.11875145e-05 
 1.62181010e+07  3.04693914e-05 
 1.65958691e+07  2.97682238e-05 
 1.69824365e+07  2.90835857e-05 
 1.73780083e+07  2.84150634e-05 
 1.77827941e+07  2.77622551e-05 
 1.81970086e+07  2.71247700e-05 
 1.86208714e+07  2.65022283e-05 
 1.90546072e+07  2.58942608e-05 
 1.94984460e+07  2.53005085e-05 
 1.99526231e+07  2.47206221e-05 
 2.04173794e+07  2.41542621e-05 
 2.08929613e+07  2.36010978e-05 
 2.13796209e+07  2.30608079e-05 
 2.18776162e+07  2.25330793e-05 
 2.23872114e+07  2.20176074e-05 
 2.29086765e+07  2.15140959e-05 
 2.34422882e+07  2.10222560e-05 
 2.39883292e+07  2.05418067e-05 
 2.45470892e+07  2.00724742e-05 
 2.51188643e+07  1.96139921e-05 
 2.57039578e+07  1.91661006e-05 
 2.63026799e+07  1.87285469e-05 
 2.69153480e+07  1.83010846e-05 
 2.75422870e+07  1.78834735e-05 
 2.81838293e+07  1.74754797e-05 
 2.88403150e+07  1.70768752e-05 
 2.95120923e+07  1.66874378e-05 
 3.01995172e+07  1.63069510e-05 
 3.09029543e+07  1.59352037e-05 
 3.16227766e+07  1.55719900e-05 
 3.23593657e+07  1.52171093e-05 
 3.31131121e+07  1.48703660e-05 
 3.38844156e+07  1.45315693e-05 
 3.46736850e+07  1.42005332e-05 
 3.54813389e+07  1.38770764e-05 
 3.63078055e+07  1.35610219e-05 
 3.71535229e+07  1.32521972e-05 
 3.80189396e+07  1.29504339e-05 
 3.89045145e+07  1.26555679e-05 
 3.98107171e+07  1.23674391e-05 
 4.07380278e+07  1.20858910e-05 
 4.16869383e+07  1.18107714e-05 
 4.26579519e+07  1.15419314e-05 
 4.36515832e+07  1.12792258e-05 
 4.46683592e+07  1.10225130e-05 
 4.57088190e+07  1.07716548e-05 
 4.67735141e+07  1.05265162e-05 
 4.78630092e+07  1.02869654e-05 
 4.89778819e+07  1.00528741e-05 
 5.01187234e+07  9.82411657e-06 
 5.12861384e+07  9.60057043e-06 
 5.24807460e+07  9.38211606e-06 
 5.37031796e+07  9.16863668e-06 
 5.49540874e+07  8.96001828e-06 
 5.62341325e+07  8.75614954e-06 
 5.75439937e+07  8.55692175e-06 
 5.88843655e+07  8.36222875e-06 
 6.02559586e+07  8.17196686e-06 
 6.16595002e+07  7.98603485e-06 
 6.30957344e+07  7.80433382e-06 
 6.45654229e+07  7.62676718e-06 
 6.60693448e+07  7.45324060e-06 
 6.76082975e+07  7.28366192e-06 
 6.91830971e+07  7.11794112e-06 
 7.07945784e+07  6.95599028e-06 
 7.24435960e+07  6.79772348e-06 
 7.41310241e+07  6.64305681e-06 
 7.58577575e+07  6.49190827e-06 
 7.76247117e+07  6.34419776e-06 
 7.94328235e+07  6.19984701e-06 
 8.12830516e+07  6.05877957e-06 
 8.31763771e+07  5.92092071e-06 
 8.51138038e+07  5.78619744e-06 
 8.70963590e+07  5.65453842e-06 
 8.91250938e+07  5.52587396e-06 
 9.12010839e+07  5.40013595e-06 
 9.33254301e+07  5.27725785e-06 
 9.54992586e+07  5.15717461e-06 
 9.77237221e+07  5.03982269e-06 
 1.00000000e+08  4.92513999e-06 
