 1.00000000e+00  2.99951732e+00 
 1.02329299e+00  2.99948649e+00 
 1.04712855e+00  2.99945412e+00 
 1.07151931e+00  2.99942012e+00 
 1.09647820e+00  2.99938441e+00 
 1.12201845e+00  2.99934690e+00 
 1.14815362e+00  2.99930749e+00 
 1.17489755e+00  2.99926607e+00 
 1.20226443e+00  2.99922255e+00 
 1.23026877e+00  2.99917680e+00 
 1.25892541e+00  2.99912871e+00 
 1.28824955e+00  2.99907814e+00 
 1.31825674e+00  2.99902496e+00 
 1.34896288e+00  2.99896903e+00 
 1.38038426e+00  2.99891018e+00 
 1.41253754e+00  2.99884826e+00 
 1.44543977e+00  2.99878310e+00 
 1.47910839e+00  2.99871450e+00 
 1.51356125e+00  2.99864227e+00 
 1.54881662e+00  2.99856621e+00 
 1.58489319e+00  2.99848608e+00 
 1.62181010e+00  2.99840166e+00 
 1.65958691e+00  2.99831268e+00 
 1.69824365e+00  2.99821889e+00 
 1.73780083e+00  2.99811999e+00 
 1.77827941e+00  2.99801568e+00 
 1.81970086e+00  2.99790562e+00 
 1.86208714e+00  2.99778948e+00 
 1.90546072e+00  2.99766687e+00 
 1.94984460e+00  2.99753739e+00 
 1.99526231e+00  2.99740062e+00 
 2.04173794e+00  2.99725610e+00 
 2.08929613e+00  2.99710334e+00 
 2.13796209e+00  2.99694181e+00 
 2.18776162e+00  2.99677095e+00 
 2.23872114e+00  2.99659015e+00 
 2.29086765e+00  2.99639877e+00 
 2.34422882e+00  2.99619611e+00 
 2.39883292e+00  2.99598142e+00 
 2.45470892e+00  2.99575389e+00 
 2.51188643e+00  2.99551267e+00 
 2.57039578e+00  2.99525682e+00 
 2.63026799e+00  2.99498534e+00 
 2.69153480e+00  2.99469715e+00 
 2.75422870e+00  2.99439109e+00 
 2.81838293e+00  2.99406591e+00 
 2.88403150e+00  2.99372026e+00 
 2.95120923e+00  2.99335269e+00 
 3.01995172e+00  2.99296162e+00 
 3.09029543e+00  2.99254536e+00 
 3.16227766e+00  2.99210208e+00 
 3.23593657e+00  2.99162981e+00 
 3.31131121e+00  2.99112640e+00 
 3.38844156e+00  2.99058955e+00 
 3.46736850e+00  2.99001677e+00 
 3.54813389e+00  2.98940535e+00 
 3.63078055e+00  2.98875238e+00 
 3.71535229e+00  2.98805469e+00 
 3.80189396e+00  2.98730886e+00 
 3.89045145e+00  2.98651120e+00 
 3.98107171e+00  2.98565769e+00 
 4.07380278e+00  2.98474399e+00 
 4.16869383e+00  2.98376541e+00 
 4.26579519e+00  2.98271684e+00 
 4.36515832e+00  2.98159278e+00 
 4.46683592e+00  2.98038724e+00 
 4.57088190e+00  2.97909376e+00 
 4.67735141e+00  2.97770532e+00 
 4.78630092e+00  2.97621434e+00 
 4.89778819e+00  2.97461257e+00 
 5.01187234e+00  2.97289111e+00 
 5.12861384e+00  2.97104032e+00 
 5.24807460e+00  2.96904976e+00 
 5.37031796e+00  2.96690812e+00 
 5.49540874e+00  2.96460319e+00 
 5.62341325e+00  2.96212174e+00 
 5.75439937e+00  2.95944948e+00 
 5.88843655e+00  2.95657099e+00 
 6.02559586e+00  2.95346959e+00 
 6.16595002e+00  2.95012730e+00 
 6.30957344e+00  2.94652475e+00 
 6.45654229e+00  2.94264106e+00 
 6.60693448e+00  2.93845375e+00 
 6.76082975e+00  2.93393868e+00 
 6.91830971e+00  2.92906993e+00 
 7.07945784e+00  2.92381968e+00 
 7.24435960e+00  2.91815818e+00 
 7.41310241e+00  2.91205363e+00 
 7.58577575e+00  2.90547208e+00 
 7.76247117e+00  2.89837741e+00 
 7.94328235e+00  2.89073124e+00 
 8.12830516e+00  2.88249290e+00 
 8.31763771e+00  2.87361942e+00 
 8.51138038e+00  2.86406551e+00 
 8.70963590e+00  2.85378366e+00 
 8.91250938e+00  2.84272415e+00 
 9.12010839e+00  2.83083519e+00 
 9.33254301e+00  2.81806311e+00 
 9.54992586e+00  2.80435255e+00 
 9.77237221e+00  2.78964676e+00 
 1.00000000e+01  2.77388797e+00 
 1.02329299e+01  2.75701778e+00 
 1.04712855e+01  2.73897770e+00 
 1.07151931e+01  2.71970971e+00 
 1.09647820e+01  2.69915697e+00 
 1.12201845e+01  2.67726454e+00 
 1.14815362e+01  2.65398024e+00 
 1.17489755e+01  2.62925554e+00 
 1.20226443e+01  2.60304654e+00 
 1.23026877e+01  2.57531500e+00 
 1.25892541e+01  2.54602935e+00 
 1.28824955e+01  2.51516578e+00 
 1.31825674e+01  2.48270924e+00 
 1.34896288e+01  2.44865440e+00 
 1.38038426e+01  2.41300658e+00 
 1.41253754e+01  2.37578247e+00 
 1.44543977e+01  2.33701073e+00 
 1.47910839e+01  2.29673245e+00 
 1.51356125e+01  2.25500132e+00 
 1.54881662e+01  2.21188358e+00 
 1.58489319e+01  2.16745777e+00 
 1.62181010e+01  2.12181414e+00 
 1.65958691e+01  2.07505389e+00 
 1.69824365e+01  2.02728808e+00 
 1.73780083e+01  1.97863641e+00 
 1.77827941e+01  1.92922574e+00 
 1.81970086e+01  1.87918856e+00 
 1.86208714e+01  1.82866126e+00 
 1.90546072e+01  1.77778242e+00 
 1.94984460e+01  1.72669110e+00 
 1.99526231e+01  1.67552512e+00 
 2.04173794e+01  1.62441952e+00 
 2.08929613e+01  1.57350505e+00 
 2.13796209e+01  1.52290693e+00 
 2.18776162e+01  1.47274365e+00 
 2.23872114e+01  1.42312614e+00 
 2.29086765e+01  1.37415694e+00 
 2.34422882e+01  1.32592977e+00 
 2.39883292e+01  1.27852912e+00 
 2.45470892e+01  1.23203013e+00 
 2.51188643e+01  1.18649857e+00 
 2.57039578e+01  1.14199103e+00 
 2.63026799e+01  1.09855511e+00 
 2.69153480e+01  1.05622986e+00 
 2.75422870e+01  1.01504620e+00 
 2.81838293e+01  9.75027399e-01 
 2.88403150e+01  9.36189666e-01 
 2.95120923e+01  8.98542687e-01 
 3.01995172e+01  8.62090224e-01 
 3.09029543e+01  8.26830689e-01 
 3.16227766e+01  7.92757715e-01 
 3.23593657e+01  7.59860708e-01 
 3.31131121e+01  7.28125368e-01 
 3.38844156e+01  6.97534192e-01 
 3.46736850e+01  6.68066927e-01 
 3.54813389e+01  6.39701007e-01 
 3.63078055e+01  6.12411947e-01 
 3.71535229e+01  5.86173694e-01 
 3.80189396e+01  5.60958960e-01 
 3.89045145e+01  5.36739510e-01 
 3.98107171e+01  5.13486423e-01 
 4.07380278e+01  4.91170323e-01 
 4.16869383e+01  4.69761580e-01 
 4.26579519e+01  4.49230489e-01 
 4.36515832e+01  4.29547427e-01 
 4.46683592e+01  4.10682979e-01 
 4.57088190e+01  3.92608058e-01 
 4.67735141e+01  3.75293997e-01 
 4.78630092e+01  3.58712628e-01 
 4.89778819e+01  3.42836353e-01 
 5.01187234e+01  3.27638194e-01 
 5.12861384e+01  3.13091835e-01 
 5.24807460e+01  2.99171660e-01 
 5.37031796e+01  2.85852771e-01 
 5.49540874e+01  2.73111012e-01 
 5.62341325e+01  2.60922973e-01 
 5.75439937e+01  2.49266004e-01 
 5.88843655e+01  2.38118207e-01 
 6.02559586e+01  2.27458437e-01 
 6.16595002e+01  2.17266298e-01 
 6.30957344e+01  2.07522128e-01 
 6.45654229e+01  1.98206990e-01 
 6.60693448e+01  1.89302657e-01 
 6.76082975e+01  1.80791600e-01 
 6.91830971e+01  1.72656966e-01 
 7.07945784e+01  1.64882564e-01 
 7.24435960e+01  1.57452846e-01 
 7.41310241e+01  1.50352888e-01 
 7.58577575e+01  1.43568371e-01 
 7.76247117e+01  1.37085560e-01 
 7.94328235e+01  1.30891286e-01 
 8.12830516e+01  1.24972929e-01 
 8.31763771e+01  1.19318393e-01 
 8.51138038e+01  1.13916093e-01 
 8.70963590e+01  1.08754931e-01 
 8.91250938e+01  1.03824282e-01 
 9.12010839e+01  9.91139735e-02 
 9.33254301e+01  9.46142701e-02 
 9.54992586e+01  9.03158538e-02 
 9.77237221e+01  8.62098091e-02 
 1.00000000e+02  8.22876064e-02 
 1.02329299e+02  7.85410867e-02 
 1.04712855e+02  7.49624462e-02 
 1.07151931e+02  7.15442215e-02 
 1.09647820e+02  6.82792762e-02 
 1.12201845e+02  6.51607863e-02 
 1.14815362e+02  6.21822279e-02 
 1.17489755e+02  5.93373641e-02 
 1.20226443e+02  5.66202330e-02 
 1.23026877e+02  5.40251359e-02 
 1.25892541e+02  5.15466260e-02 
 1.28824955e+02  4.91794978e-02 
 1.31825674e+02  4.69187764e-02 
 1.34896288e+02  4.47597079e-02 
 1.38038426e+02  4.26977495e-02 
 1.41253754e+02  4.07285603e-02 
 1.44543977e+02  3.88479928e-02 
 1.47910839e+02  3.70520843e-02 
 1.51356125e+02  3.53370488e-02 
 1.54881662e+02  3.36992691e-02 
 1.58489319e+02  3.21352897e-02 
 1.62181010e+02  3.06418095e-02 
 1.65958691e+02  2.92156749e-02 
 1.69824365e+02  2.78538735e-02 
 1.73780083e+02  2.65535278e-02 
 1.77827941e+02  2.53118891e-02 
 1.81970086e+02  2.41263319e-02 
 1.86208714e+02  2.29943485e-02 
 1.90546072e+02  2.19135435e-02 
 1.94984460e+02  2.08816291e-02 
 1.99526231e+02  1.98964203e-02 
 2.04173794e+02  1.89558300e-02 
 2.08929613e+02  1.80578651e-02 
 2.13796209e+02  1.72006218e-02 
 2.18776162e+02  1.63822820e-02 
 2.23872114e+02  1.56011093e-02 
 2.29086765e+02  1.48554454e-02 
 2.34422882e+02  1.41437064e-02 
 2.39883292e+02  1.34643798e-02 
 2.45470892e+02  1.28160211e-02 
 2.51188643e+02  1.21972505e-02 
 2.57039578e+02  1.16067507e-02 
 2.63026799e+02  1.10432630e-02 
 2.69153480e+02  1.05055859e-02 
 2.75422870e+02  9.99257139e-03 
 2.81838293e+02  9.50312322e-03 
 2.88403150e+02  9.03619432e-03 
 2.95120923e+02  8.59078457e-03 
 3.01995172e+02  8.16593867e-03 
 3.09029543e+02  7.76074412e-03 
 3.16227766e+02  7.37432924e-03 
 3.23593657e+02  7.00586130e-03 
 3.31131121e+02  6.65454477e-03 
 3.38844156e+02  6.31961955e-03 
 3.46736850e+02  6.00035940e-03 
 3.54813389e+02  5.69607036e-03 
 3.63078055e+02  5.40608924e-03 
 3.71535229e+02  5.12978223e-03 
 3.80189396e+02  4.86654353e-03 
 3.89045145e+02  4.61579404e-03 
 3.98107171e+02  4.37698014e-03 
 4.07380278e+02  4.14957251e-03 
 4.16869383e+02  3.93306501e-03 
 4.26579519e+02  3.72697357e-03 
 4.36515832e+02  3.53083520e-03 
 4.46683592e+02  3.34420704e-03 
 4.57088190e+02  3.16666536e-03 
 4.67735141e+02  2.99780476e-03 
 4.78630092e+02  2.83723725e-03 
 4.89778819e+02  2.68459155e-03 
 5.01187234e+02  2.53951221e-03 
 5.12861384e+02  2.40165902e-03 
 5.24807460e+02  2.27070622e-03 
 5.37031796e+02  2.14634193e-03 
 5.49540874e+02  2.02826748e-03 
 5.62341325e+02  1.91619686e-03 
 5.75439937e+02  1.80985616e-03 
 5.88843655e+02  1.70898307e-03 
 6.02559586e+02  1.61332634e-03 
 6.16595002e+02  1.52264536e-03 
 6.30957344e+02  1.43670968e-03 
 6.45654229e+02  1.35529864e-03 
 6.60693448e+02  1.27820091e-03 
 6.76082975e+02  1.20521418e-03 
 6.91830971e+02  1.13614476e-03 
 7.07945784e+02  1.07080727e-03 
 7.24435960e+02  1.00902430e-03 
 7.41310241e+02  9.50626133e-04 
 7.58577575e+02  8.95450430e-04 
 7.76247117e+02  8.43341979e-04 
 7.94328235e+02  7.94152420e-04 
 8.12830516e+02  7.47740000e-04 
 8.31763771e+02  7.03969333e-04 
 8.51138038e+02  6.62711170e-04 
 8.70963590e+02  6.23842175e-04 
 8.91250938e+02  5.87244714e-04 
 9.12010839e+02  5.52806641e-04 
 9.33254301e+02  5.20421099e-04 
 9.54992586e+02  4.89986318e-04 
 9.77237221e+02  4.61405415e-04 
 1.00000000e+03  4.34586202e-04 
 1.02329299e+03  4.09440983e-04 
 1.04712855e+03  3.85886365e-04 
 1.07151931e+03  3.63843049e-04 
 1.09647820e+03  3.43235634e-04 
 1.12201845e+03  3.23992403e-04 
 1.14815362e+03  3.06045111e-04 
 1.17489755e+03  2.89328766e-04 
 1.20226443e+03  2.73781403e-04 
 1.23026877e+03  2.59343851e-04 
 1.25892541e+03  2.45959500e-04 
 1.28824955e+03  2.33574063e-04 
 1.31825674e+03  2.22135343e-04 
 1.34896288e+03  2.11593007e-04 
 1.38038426e+03  2.01898368e-04 
 1.41253754e+03  1.93004192e-04 
 1.44543977e+03  1.84864525e-04 
 1.47910839e+03  1.77434557e-04 
 1.51356125e+03  1.70670519e-04 
 1.54881662e+03  1.64529628e-04 
 1.58489319e+03  1.58970070e-04 
 1.62181010e+03  1.53951027e-04 
 1.65958691e+03  1.49432746e-04 
 1.69824365e+03  1.45376632e-04 
 1.73780083e+03  1.41745376e-04 
 1.77827941e+03  1.38503079e-04 
 1.81970086e+03  1.35615394e-04 
 1.86208714e+03  1.33049649e-04 
 1.90546072e+03  1.30774952e-04 
 1.94984460e+03  1.28762281e-04 
 1.99526231e+03  1.26984535e-04 
 2.04173794e+03  1.25416560e-04 
 2.08929613e+03  1.24035149e-04 
 2.13796209e+03  1.22819005e-04 
 2.18776162e+03  1.21748687e-04 
 2.23872114e+03  1.20806534e-04 
 2.29086765e+03  1.19976572e-04 
 2.34422882e+03  1.19244413e-04 
 2.39883292e+03  1.18597144e-04 
 2.45470892e+03  1.18023211e-04 
 2.51188643e+03  1.17512311e-04 
 2.57039578e+03  1.17055273e-04 
 2.63026799e+03  1.16643959e-04 
 2.69153480e+03  1.16271155e-04 
 2.75422870e+03  1.15930477e-04 
 2.81838293e+03  1.15616285e-04 
 2.88403150e+03  1.15323598e-04 
 2.95120923e+03  1.15048019e-04 
 3.01995172e+03  1.14785670e-04 
 3.09029543e+03  1.14533130e-04 
 3.16227766e+03  1.14287378e-04 
 3.23593657e+03  1.14045747e-04 
 3.31131121e+03  1.13805877e-04 
 3.38844156e+03  1.13565681e-04 
 3.46736850e+03  1.13323306e-04 
 3.54813389e+03  1.13077107e-04 
 3.63078055e+03  1.12825618e-04 
 3.71535229e+03  1.12567527e-04 
 3.80189396e+03  1.12301663e-04 
 3.89045145e+03  1.12026970e-04 
 3.98107171e+03  1.11742496e-04 
 4.07380278e+03  1.11447380e-04 
 4.16869383e+03  1.11140839e-04 
 4.26579519e+03  1.10822159e-04 
 4.36515832e+03  1.10490687e-04 
 4.46683592e+03  1.10145822e-04 
 4.57088190e+03  1.09787013e-04 
 4.67735141e+03  1.09413748e-04 
 4.78630092e+03  1.09025555e-04 
 4.89778819e+03  1.08621999e-04 
 5.01187234e+03  1.08202673e-04 
 5.12861384e+03  1.07767203e-04 
 5.24807460e+03  1.07315244e-04 
 5.37031796e+03  1.06846475e-04 
 5.49540874e+03  1.06360606e-04 
 5.62341325e+03  1.05857370e-04 
 5.75439937e+03  1.05336529e-04 
 5.88843655e+03  1.04797870e-04 
 6.02559586e+03  1.04241205e-04 
 6.16595002e+03  1.03666377e-04 
 6.30957344e+03  1.03073254e-04 
 6.45654229e+03  1.02461735e-04 
 6.60693448e+03  1.01831748e-04 
 6.76082975e+03  1.01183251e-04 
 6.91830971e+03  1.00516233e-04 
 7.07945784e+03  9.98307184e-05 
 7.24435960e+03  9.91267615e-05 
 7.41310241e+03  9.84044528e-05 
 7.58577575e+03  9.76639174e-05 
 7.76247117e+03  9.69053159e-05 
 7.94328235e+03  9.61288450e-05 
 8.12830516e+03  9.53347384e-05 
 8.31763771e+03  9.45232664e-05 
 8.51138038e+03  9.36947362e-05 
 8.70963590e+03  9.28494921e-05 
 8.91250938e+03  9.19879151e-05 
 9.12010839e+03  9.11104222e-05 
 9.33254301e+03  9.02174663e-05 
 9.54992586e+03  8.93095347e-05 
 9.77237221e+03  8.83871489e-05 
 1.00000000e+04  8.74508626e-05 
