 1.00000000e+00  8.02446367e-10 
 1.02329299e+00  8.36796215e-10 
 1.04712855e+00  8.72750815e-10 
 1.07151931e+00  9.10386267e-10 
 1.09647820e+00  9.49782251e-10 
 1.12201845e+00  9.91022192e-10 
 1.14815362e+00  1.03419343e-09 
 1.17489755e+00  1.07938743e-09 
 1.20226443e+00  1.12669993e-09 
 1.23026877e+00  1.17623118e-09 
 1.25892541e+00  1.22808616e-09 
 1.28824955e+00  1.28237476e-09 
 1.31825674e+00  1.33921205e-09 
 1.34896288e+00  1.39871852e-09 
 1.38038426e+00  1.46102032e-09 
 1.41253754e+00  1.52624954e-09 
 1.44543977e+00  1.59454447e-09 
 1.47910839e+00  1.66604992e-09 
 1.51356125e+00  1.74091752e-09 
 1.54881662e+00  1.81930601e-09 
 1.58489319e+00  1.90138163e-09 
 1.62181010e+00  1.98731844e-09 
 1.65958691e+00  2.07729867e-09 
 1.69824365e+00  2.17151316e-09 
 1.73780083e+00  2.27016171e-09 
 1.77827941e+00  2.37345354e-09 
 1.81970086e+00  2.48160772e-09 
 1.86208714e+00  2.59485363e-09 
 1.90546072e+00  2.71343147e-09 
 1.94984460e+00  2.83759273e-09 
 1.99526231e+00  2.96760075e-09 
 2.04173794e+00  3.10373128e-09 
 2.08929613e+00  3.24627306e-09 
 2.13796209e+00  3.39552841e-09 
 2.18776162e+00  3.55181392e-09 
 2.23872114e+00  3.71546107e-09 
 2.29086765e+00  3.88681698e-09 
 2.34422882e+00  4.06624508e-09 
 2.39883292e+00  4.25412598e-09 
 2.45470892e+00  4.45085817e-09 
 2.51188643e+00  4.65685893e-09 
 2.57039578e+00  4.87256523e-09 
 2.63026799e+00  5.09843459e-09 
 2.69153480e+00  5.33494609e-09 
 2.75422870e+00  5.58260141e-09 
 2.81838293e+00  5.84192585e-09 
 2.88403150e+00  6.11346945e-09 
 2.95120923e+00  6.39780820e-09 
 3.01995172e+00  6.69554520e-09 
 3.09029543e+00  7.00731198e-09 
 3.16227766e+00  7.33376984e-09 
 3.23593657e+00  7.67561123e-09 
 3.31131121e+00  8.03356122e-09 
 3.38844156e+00  8.40837908e-09 
 3.46736850e+00  8.80085983e-09 
 3.54813389e+00  9.21183596e-09 
 3.63078055e+00  9.64217920e-09 
 3.71535229e+00  1.00928023e-08 
 3.80189396e+00  1.05646612e-08 
 3.89045145e+00  1.10587567e-08 
 3.98107171e+00  1.15761368e-08 
 4.07380278e+00  1.21178989e-08 
 4.16869383e+00  1.26851922e-08 
 4.26579519e+00  1.32792200e-08 
 4.36515832e+00  1.39012422e-08 
 4.46683592e+00  1.45525782e-08 
 4.57088190e+00  1.52346096e-08 
 4.67735141e+00  1.59487830e-08 
 4.78630092e+00  1.66966132e-08 
 4.89778819e+00  1.74796865e-08 
 5.01187234e+00  1.82996639e-08 
 5.12861384e+00  1.91582845e-08 
 5.24807460e+00  2.00573696e-08 
 5.37031796e+00  2.09988262e-08 
 5.49540874e+00  2.19846513e-08 
 5.62341325e+00  2.30169358e-08 
 5.75439937e+00  2.40978693e-08 
 5.88843655e+00  2.52297445e-08 
 6.02559586e+00  2.64149622e-08 
 6.16595002e+00  2.76560364e-08 
 6.30957344e+00  2.89555995e-08 
 6.45654229e+00  3.03164078e-08 
 6.60693448e+00  3.17413478e-08 
 6.76082975e+00  3.32334418e-08 
 6.91830971e+00  3.47958547e-08 
 7.07945784e+00  3.64319003e-08 
 7.24435960e+00  3.81450489e-08 
 7.41310241e+00  3.99389341e-08 
 7.58577575e+00  4.18173607e-08 
 7.76247117e+00  4.37843130e-08 
 7.94328235e+00  4.58439628e-08 
 8.12830516e+00  4.80006789e-08 
 8.31763771e+00  5.02590356e-08 
 8.51138038e+00  5.26238228e-08 
 8.70963590e+00  5.51000564e-08 
 8.91250938e+00  5.76929884e-08 
 9.12010839e+00  6.04081183e-08 
 9.33254301e+00  6.32512050e-08 
 9.54992586e+00  6.62282785e-08 
 9.77237221e+00  6.93456532e-08 
 1.00000000e+01  7.26099408e-08 
 1.02329299e+01  7.60280647e-08 
 1.04712855e+01  7.96072747e-08 
 1.07151931e+01  8.33551619e-08 
 1.09647820e+01  8.72796754e-08 
 1.12201845e+01  9.13891388e-08 
 1.14815362e+01  9.56922677e-08 
 1.17489755e+01  1.00198189e-07 
 1.20226443e+01  1.04916458e-07 
 1.23026877e+01  1.09857084e-07 
 1.25892541e+01  1.15030542e-07 
 1.28824955e+01  1.20447807e-07 
 1.31825674e+01  1.26120367e-07 
 1.34896288e+01  1.32060253e-07 
 1.38038426e+01  1.38280061e-07 
 1.41253754e+01  1.44792983e-07 
 1.44543977e+01  1.51612831e-07 
 1.47910839e+01  1.58754069e-07 
 1.51356125e+01  1.66231841e-07 
 1.54881662e+01  1.74062005e-07 
 1.58489319e+01  1.82261166e-07 
 1.62181010e+01  1.90846713e-07 
 1.65958691e+01  1.99836852e-07 
 1.69824365e+01  2.09250649e-07 
 1.73780083e+01  2.19108065e-07 
 1.77827941e+01  2.29430005e-07 
 1.81970086e+01  2.40238357e-07 
 1.86208714e+01  2.51556040e-07 
 1.90546072e+01  2.63407054e-07 
 1.94984460e+01  2.75816527e-07 
 1.99526231e+01  2.88810774e-07 
 2.04173794e+01  3.02417347e-07 
 2.08929613e+01  3.16665098e-07 
 2.13796209e+01  3.31584236e-07 
 2.18776162e+01  3.47206395e-07 
 2.23872114e+01  3.63564696e-07 
 2.29086765e+01  3.80693824e-07 
 2.34422882e+01  3.98630094e-07 
 2.39883292e+01  4.17411534e-07 
 2.45470892e+01  4.37077962e-07 
 2.51188643e+01  4.57671070e-07 
 2.57039578e+01  4.79234515e-07 
 2.63026799e+01  5.01814011e-07 
 2.69153480e+01  5.25457420e-07 
 2.75422870e+01  5.50214864e-07 
 2.81838293e+01  5.76138819e-07 
 2.88403150e+01  6.03284237e-07 
 2.95120923e+01  6.31708652e-07 
 3.01995172e+01  6.61472312e-07 
 3.09029543e+01  6.92638298e-07 
 3.16227766e+01  7.25272659e-07 
 3.23593657e+01  7.59444558e-07 
 3.31131121e+01  7.95226409e-07 
 3.38844156e+01  8.32694035e-07 
 3.46736850e+01  8.71926829e-07 
 3.54813389e+01  9.13007918e-07 
 3.63078055e+01  9.56024342e-07 
 3.71535229e+01  1.00106724e-06 
 3.80189396e+01  1.04823202e-06 
 3.89045145e+01  1.09761861e-06 
 3.98107171e+01  1.14933162e-06 
 4.07380278e+01  1.20348056e-06 
 4.16869383e+01  1.26018014e-06 
 4.26579519e+01  1.31955042e-06 
 4.36515832e+01  1.38171712e-06 
 4.46683592e+01  1.44681188e-06 
 4.57088190e+01  1.51497250e-06 
 4.67735141e+01  1.58634329e-06 
 4.78630092e+01  1.66107532e-06 
 4.89778819e+01  1.73932677e-06 
 5.01187234e+01  1.82126324e-06 
 5.12861384e+01  1.90705811e-06 
 5.24807460e+01  1.99689290e-06 
 5.37031796e+01  2.09095767e-06 
 5.49540874e+01  2.18945137e-06 
 5.62341325e+01  2.29258232e-06 
 5.75439937e+01  2.40056859e-06 
 5.88843655e+01  2.51363848e-06 
 6.02559586e+01  2.63203101e-06 
 6.16595002e+01  2.75599639e-06 
 6.30957344e+01  2.88579657e-06 
 6.45654229e+01  3.02170575e-06 
 6.60693448e+01  3.16401100e-06 
 6.76082975e+01  3.31301281e-06 
 6.91830971e+01  3.46902573e-06 
 7.07945784e+01  3.63237903e-06 
 7.24435960e+01  3.80341738e-06 
 7.41310241e+01  3.98250154e-06 
 7.58577575e+01  4.17000914e-06 
 7.76247117e+01  4.36633541e-06 
 7.94328235e+01  4.57189406e-06 
 8.12830516e+01  4.78711804e-06 
 8.31763771e+01  5.01246051e-06 
 8.51138038e+01  5.24839571e-06 
 8.70963590e+01  5.49541993e-06 
 8.91250938e+01  5.75405255e-06 
 9.12010839e+01  6.02483705e-06 
 9.33254301e+01  6.30834212e-06 
 9.54992586e+01  6.60516283e-06 
 9.77237221e+01  6.91592175e-06 
 1.00000000e+02  7.24127027e-06 
 1.02329299e+02  7.58188982e-06 
 1.04712855e+02  7.93849328e-06 
 1.07151931e+02  8.31182632e-06 
 1.09647820e+02  8.70266887e-06 
 1.12201845e+02  9.11183665e-06 
 1.14815362e+02  9.54018272e-06 
 1.17489755e+02  9.98859909e-06 
 1.20226443e+02  1.04580185e-05 
 1.23026877e+02  1.09494159e-05 
 1.25892541e+02  1.14638107e-05 
 1.28824955e+02  1.20022682e-05 
 1.31825674e+02  1.25659018e-05 
 1.34896288e+02  1.31558748e-05 
 1.38038426e+02  1.37734027e-05 
 1.41253754e+02  1.44197551e-05 
 1.44543977e+02  1.50962577e-05 
 1.47910839e+02  1.58042950e-05 
 1.51356125e+02  1.65453121e-05 
 1.54881662e+02  1.73208172e-05 
 1.58489319e+02  1.81323839e-05 
 1.62181010e+02  1.89816536e-05 
 1.65958691e+02  1.98703377e-05 
 1.69824365e+02  2.08002204e-05 
 1.73780083e+02  2.17731603e-05 
 1.77827941e+02  2.27910937e-05 
 1.81970086e+02  2.38560362e-05 
 1.86208714e+02  2.49700851e-05 
 1.90546072e+02  2.61354217e-05 
 1.94984460e+02  2.73543132e-05 
 1.99526231e+02  2.86291146e-05 
 2.04173794e+02  2.99622704e-05 
 2.08929613e+02  3.13563159e-05 
 2.13796209e+02  3.28138785e-05 
 2.18776162e+02  3.43376782e-05 
 2.23872114e+02  3.59305284e-05 
 2.29086765e+02  3.75953355e-05 
 2.34422882e+02  3.93350983e-05 
 2.39883292e+02  4.11529064e-05 
 2.45470892e+02  4.30519384e-05 
 2.51188643e+02  4.50354586e-05 
 2.57039578e+02  4.71068131e-05 
 2.63026799e+02  4.92694244e-05 
 2.69153480e+02  5.15267850e-05 
 2.75422870e+02  5.38824491e-05 
 2.81838293e+02  5.63400233e-05 
 2.88403150e+02  5.89031542e-05 
 2.95120923e+02  6.15755155e-05 
 3.01995172e+02  6.43607911e-05 
 3.09029543e+02  6.72626571e-05 
 3.16227766e+02  7.02847598e-05 
 3.23593657e+02  7.34306913e-05 
 3.31131121e+02  7.67039618e-05 
 3.38844156e+02  8.01079679e-05 
 3.46736850e+02  8.36459571e-05 
 3.54813389e+02  8.73209892e-05 
 3.63078055e+02  9.11358925e-05 
 3.71535229e+02  9.50932161e-05 
 3.80189396e+02  9.91951785e-05 
 3.89045145e+02  1.03443611e-04 
 3.98107171e+02  1.07839898e-04 
 4.07380278e+02  1.12384914e-04 
 4.16869383e+02  1.17078954e-04 
 4.26579519e+02  1.21921669e-04 
 4.36515832e+02  1.26911990e-04 
 4.46683592e+02  1.32048061e-04 
 4.57088190e+02  1.37327163e-04 
 4.67735141e+02  1.42745654e-04 
 4.78630092e+02  1.48298899e-04 
 4.89778819e+02  1.53981216e-04 
 5.01187234e+02  1.59785827e-04 
 5.12861384e+02  1.65704823e-04 
 5.24807460e+02  1.71729140e-04 
 5.37031796e+02  1.77848557e-04 
 5.49540874e+02  1.84051700e-04 
 5.62341325e+02  1.90326087e-04 
 5.75439937e+02  1.96658175e-04 
 5.88843655e+02  2.03033447e-04 
 6.02559586e+02  2.09436512e-04 
 6.16595002e+02  2.15851235e-04 
 6.30957344e+02  2.22260889e-04 
 6.45654229e+02  2.28648324e-04 
 6.60693448e+02  2.34996156e-04 
 6.76082975e+02  2.41286968e-04 
 6.91830971e+02  2.47503517e-04 
 7.07945784e+02  2.53628948e-04 
 7.24435960e+02  2.59647000e-04 
 7.41310241e+02  2.65542203e-04 
 7.58577575e+02  2.71300063e-04 
 7.76247117e+02  2.76907227e-04 
 7.94328235e+02  2.82351619e-04 
 8.12830516e+02  2.87622552e-04 
 8.31763771e+02  2.92710812e-04 
 8.51138038e+02  2.97608704e-04 
 8.70963590e+02  3.02310072e-04 
 8.91250938e+02  3.06810289e-04 
 9.12010839e+02  3.11106221e-04 
 9.33254301e+02  3.15196159e-04 
 9.54992586e+02  3.19079740e-04 
 9.77237221e+02  3.22757845e-04 
 1.00000000e+03  3.26232485e-04 
 1.02329299e+03  3.29506678e-04 
 1.04712855e+03  3.32584326e-04 
 1.07151931e+03  3.35470083e-04 
 1.09647820e+03  3.38169229e-04 
 1.12201845e+03  3.40687551e-04 
 1.14815362e+03  3.43031222e-04 
 1.17489755e+03  3.45206697e-04 
 1.20226443e+03  3.47220616e-04 
 1.23026877e+03  3.49079710e-04 
 1.25892541e+03  3.50790727e-04 
 1.28824955e+03  3.52360360e-04 
 1.31825674e+03  3.53795189e-04 
 1.34896288e+03  3.55101635e-04 
 1.38038426e+03  3.56285914e-04 
 1.41253754e+03  3.57354004e-04 
 1.44543977e+03  3.58311627e-04 
 1.47910839e+03  3.59164219e-04 
 1.51356125e+03  3.59916925e-04 
 1.54881662e+03  3.60574586e-04 
 1.58489319e+03  3.61141734e-04 
 1.62181010e+03  3.61622597e-04 
 1.65958691e+03  3.62021093e-04 
 1.69824365e+03  3.62340840e-04 
 1.73780083e+03  3.62585161e-04 
 1.77827941e+03  3.62757091e-04 
 1.81970086e+03  3.62859389e-04 
 1.86208714e+03  3.62894543e-04 
 1.90546072e+03  3.62864787e-04 
 1.94984460e+03  3.62772106e-04 
 1.99526231e+03  3.62618252e-04 
 2.04173794e+03  3.62404750e-04 
 2.08929613e+03  3.62132915e-04 
 2.13796209e+03  3.61803859e-04 
 2.18776162e+03  3.61418504e-04 
 2.23872114e+03  3.60977591e-04 
 2.29086765e+03  3.60481692e-04 
 2.34422882e+03  3.59931218e-04 
 2.39883292e+03  3.59326432e-04 
 2.45470892e+03  3.58667457e-04 
 2.51188643e+03  3.57954282e-04 
 2.57039578e+03  3.57186780e-04 
 2.63026799e+03  3.56364708e-04 
 2.69153480e+03  3.55487721e-04 
 2.75422870e+03  3.54555381e-04 
 2.81838293e+03  3.53567166e-04 
 2.88403150e+03  3.52522477e-04 
 2.95120923e+03  3.51420651e-04 
 3.01995172e+03  3.50260970e-04 
 3.09029543e+03  3.49042669e-04 
 3.16227766e+03  3.47764950e-04 
 3.23593657e+03  3.46426991e-04 
 3.31131121e+03  3.45027961e-04 
 3.38844156e+03  3.43567029e-04 
 3.46736850e+03  3.42043384e-04 
 3.54813389e+03  3.40456243e-04 
 3.63078055e+03  3.38804874e-04 
 3.71535229e+03  3.37088611e-04 
 3.80189396e+03  3.35306875e-04 
 3.89045145e+03  3.33459195e-04 
 3.98107171e+03  3.31545232e-04 
 4.07380278e+03  3.29564809e-04 
 4.16869383e+03  3.27517937e-04 
 4.26579519e+03  3.25404846e-04 
 4.36515832e+03  3.23226030e-04 
 4.46683592e+03  3.20982278e-04 
 4.57088190e+03  3.18674723e-04 
 4.67735141e+03  3.16304895e-04 
 4.78630092e+03  3.13874771e-04 
 4.89778819e+03  3.11386841e-04 
 5.01187234e+03  3.08844175e-04 
 5.12861384e+03  3.06250503e-04 
 5.24807460e+03  3.03610297e-04 
 5.37031796e+03  3.00928863e-04 
 5.49540874e+03  2.98212454e-04 
 5.62341325e+03  2.95468374e-04 
 5.75439937e+03  2.92705115e-04 
 5.88843655e+03  2.89932486e-04 
 6.02559586e+03  2.87161769e-04 
 6.16595002e+03  2.84405874e-04 
 6.30957344e+03  2.81679521e-04 
 6.45654229e+03  2.78999409e-04 
 6.60693448e+03  2.76384415e-04 
 6.76082975e+03  2.73855777e-04 
 6.91830971e+03  2.71437287e-04 
 7.07945784e+03  2.69155465e-04 
 7.24435960e+03  2.67039721e-04 
 7.41310241e+03  2.65122481e-04 
 7.58577575e+03  2.63439270e-04 
 7.76247117e+03  2.62028737e-04 
 7.94328235e+03  2.60932595e-04 
 8.12830516e+03  2.60195479e-04 
 8.31763771e+03  2.59864675e-04 
 8.51138038e+03  2.59989752e-04 
 8.70963590e+03  2.60622046e-04 
 8.91250938e+03  2.61814039e-04 
 9.12010839e+03  2.63618625e-04 
 9.33254301e+03  2.66088307e-04 
 9.54992586e+03  2.69274355e-04 
 9.77237221e+03  2.73225982e-04 
 1.00000000e+04  2.77989590e-04 
 1.02329299e+04  2.83608135e-04 
 1.04712855e+04  2.90120662e-04 
 1.07151931e+04  2.97562026e-04 
 1.09647820e+04  3.05962821e-04 
 1.12201845e+04  3.15349506e-04 
 1.14815362e+04  3.25744701e-04 
 1.17489755e+04  3.37167617e-04 
 1.20226443e+04  3.49634581e-04 
 1.23026877e+04  3.63159615e-04 
 1.25892541e+04  3.77755015e-04 
 1.28824955e+04  3.93431926e-04 
 1.31825674e+04  4.10200852e-04 
 1.34896288e+04  4.28072121e-04 
 1.38038426e+04  4.47056272e-04 
 1.41253754e+04  4.67164374e-04 
 1.44543977e+04  4.88408276e-04 
 1.47910839e+04  5.10800790e-04 
 1.51356125e+04  5.34355825e-04 
 1.54881662e+04  5.59088462e-04 
 1.58489319e+04  5.85014999e-04 
 1.62181010e+04  6.12152956e-04 
 1.65958691e+04  6.40521049e-04 
 1.69824365e+04  6.70139155e-04 
 1.73780083e+04  7.01028246e-04 
 1.77827941e+04  7.33210319e-04 
 1.81970086e+04  7.66708317e-04 
 1.86208714e+04  8.01546036e-04 
 1.90546072e+04  8.37748033e-04 
 1.94984460e+04  8.75339534e-04 
 1.99526231e+04  9.14346327e-04 
 2.04173794e+04  9.54794675e-04 
 2.08929613e+04  9.96711206e-04 
 2.13796209e+04  1.04012283e-03 
 2.18776162e+04  1.08505662e-03 
 2.23872114e+04  1.13153975e-03 
 2.29086765e+04  1.17959939e-03 
 2.34422882e+04  1.22926260e-03 
 2.39883292e+04  1.28055628e-03 
 2.45470892e+04  1.33350705e-03 
 2.51188643e+04  1.38814122e-03 
 2.57039578e+04  1.44448469e-03 
 2.63026799e+04  1.50256287e-03 
 2.69153480e+04  1.56240064e-03 
 2.75422870e+04  1.62402229e-03 
 2.81838293e+04  1.68745145e-03 
 2.88403150e+04  1.75271105e-03 
 2.95120923e+04  1.81982329e-03 
 3.01995172e+04  1.88880958e-03 
 3.09029543e+04  1.95969052e-03 
 3.16227766e+04  2.03248586e-03 
 3.23593657e+04  2.10721450e-03 
 3.31131121e+04  2.18389442e-03 
 3.38844156e+04  2.26254272e-03 
 3.46736850e+04  2.34317557e-03 
 3.54813389e+04  2.42580823e-03 
 3.63078055e+04  2.51045501e-03 
 3.71535229e+04  2.59712927e-03 
 3.80189396e+04  2.68584345e-03 
 3.89045145e+04  2.77660902e-03 
 3.98107171e+04  2.86943651e-03 
 4.07380278e+04  2.96433548e-03 
 4.16869383e+04  3.06131455e-03 
 4.26579519e+04  3.16038135e-03 
 4.36515832e+04  3.26154254e-03 
 4.46683592e+04  3.36480377e-03 
 4.57088190e+04  3.47016970e-03 
 4.67735141e+04  3.57764393e-03 
 4.78630092e+04  3.68722902e-03 
 4.89778819e+04  3.79892640e-03 
 5.01187234e+04  3.91273638e-03 
 5.12861384e+04  4.02865806e-03 
 5.24807460e+04  4.14668931e-03 
 5.37031796e+04  4.26682669e-03 
 5.49540874e+04  4.38906537e-03 
 5.62341325e+04  4.51339905e-03 
 5.75439937e+04  4.63981991e-03 
 5.88843655e+04  4.76831844e-03 
 6.02559586e+04  4.89888343e-03 
 6.16595002e+04  5.03150177e-03 
 6.30957344e+04  5.16615837e-03 
 6.45654229e+04  5.30283607e-03 
 6.60693448e+04  5.44151541e-03 
 6.76082975e+04  5.58217459e-03 
 6.91830971e+04  5.72478926e-03 
 7.07945784e+04  5.86933240e-03 
 7.24435960e+04  6.01577415e-03 
 7.41310241e+04  6.16408166e-03 
 7.58577575e+04  6.31421893e-03 
 7.76247117e+04  6.46614666e-03 
 7.94328235e+04  6.61982205e-03 
 8.12830516e+04  6.77519872e-03 
 8.31763771e+04  6.93222646e-03 
 8.51138038e+04  7.09085116e-03 
 8.70963590e+04  7.25101464e-03 
 8.91250938e+04  7.41265449e-03 
 9.12010839e+04  7.57570400e-03 
 9.33254301e+04  7.74009199e-03 
 9.54992586e+04  7.90574277e-03 
 9.77237221e+04  8.07257599e-03 
 1.00000000e+05  8.24050665e-03 
 1.02329299e+05  8.40944500e-03 
 1.04712855e+05  8.57929654e-03 
 1.07151931e+05  8.74996202e-03 
 1.09647820e+05  8.92133746e-03 
 1.12201845e+05  9.09331420e-03 
 1.14815362e+05  9.26577900e-03 
 1.17489755e+05  9.43861412e-03 
 1.20226443e+05  9.61169751e-03 
 1.23026877e+05  9.78490294e-03 
 1.25892541e+05  9.95810023e-03 
 1.28824955e+05  1.01311555e-02 
 1.31825674e+05  1.03039315e-02 
 1.34896288e+05  1.04762877e-02 
 1.38038426e+05  1.06480810e-02 
 1.41253754e+05  1.08191658e-02 
 1.44543977e+05  1.09893946e-02 
 1.47910839e+05  1.11586183e-02 
 1.51356125e+05  1.13266867e-02 
 1.54881662e+05  1.14934492e-02 
 1.58489319e+05  1.16587550e-02 
 1.62181010e+05  1.18224540e-02 
 1.65958691e+05  1.19843969e-02 
 1.69824365e+05  1.21444364e-02 
 1.73780083e+05  1.23024271e-02 
 1.77827941e+05  1.24582266e-02 
 1.81970086e+05  1.26116959e-02 
 1.86208714e+05  1.27626998e-02 
 1.90546072e+05  1.29111079e-02 
 1.94984460e+05  1.30567949e-02 
 1.99526231e+05  1.31996410e-02 
 2.04173794e+05  1.33395327e-02 
 2.08929613e+05  1.34763632e-02 
 2.13796209e+05  1.36100328e-02 
 2.18776162e+05  1.37404491e-02 
 2.23872114e+05  1.38675280e-02 
 2.29086765e+05  1.39911933e-02 
 2.34422882e+05  1.41113776e-02 
 2.39883292e+05  1.42280219e-02 
 2.45470892e+05  1.43410765e-02 
 2.51188643e+05  1.44505002e-02 
 2.57039578e+05  1.45562615e-02 
 2.63026799e+05  1.46583376e-02 
 2.69153480e+05  1.47567147e-02 
 2.75422870e+05  1.48513882e-02 
 2.81838293e+05  1.49423621e-02 
 2.88403150e+05  1.50296491e-02 
 2.95120923e+05  1.51132699e-02 
 3.01995172e+05  1.51932537e-02 
 3.09029543e+05  1.52696368e-02 
 3.16227766e+05  1.53424633e-02 
 3.23593657e+05  1.54117837e-02 
 3.31131121e+05  1.54776551e-02 
 3.38844156e+05  1.55401405e-02 
 3.46736850e+05  1.55993085e-02 
 3.54813389e+05  1.56552322e-02 
 3.63078055e+05  1.57079894e-02 
 3.71535229e+05  1.57576618e-02 
 3.80189396e+05  1.58043342e-02 
 3.89045145e+05  1.58480943e-02 
 3.98107171e+05  1.58890321e-02 
 4.07380278e+05  1.59272394e-02 
 4.16869383e+05  1.59628092e-02 
 4.26579519e+05  1.59958354e-02 
 4.36515832e+05  1.60264120e-02 
 4.46683592e+05  1.60546333e-02 
 4.57088190e+05  1.60805927e-02 
 4.67735141e+05  1.61043829e-02 
 4.78630092e+05  1.61260954e-02 
 4.89778819e+05  1.61458200e-02 
 5.01187234e+05  1.61636449e-02 
 5.12861384e+05  1.61796558e-02 
 5.24807460e+05  1.61939365e-02 
 5.37031796e+05  1.62065678e-02 
 5.49540874e+05  1.62176280e-02 
 5.62341325e+05  1.62271927e-02 
 5.75439937e+05  1.62353342e-02 
 5.88843655e+05  1.62421219e-02 
 6.02559586e+05  1.62476221e-02 
 6.16595002e+05  1.62518976e-02 
 6.30957344e+05  1.62550084e-02 
 6.45654229e+05  1.62570112e-02 
 6.60693448e+05  1.62579593e-02 
 6.76082975e+05  1.62579031e-02 
 6.91830971e+05  1.62568898e-02 
 7.07945784e+05  1.62549635e-02 
 7.24435960e+05  1.62521656e-02 
 7.41310241e+05  1.62485345e-02 
 7.58577575e+05  1.62441058e-02 
 7.76247117e+05  1.62389126e-02 
 7.94328235e+05  1.62329852e-02 
 8.12830516e+05  1.62263520e-02 
 8.31763771e+05  1.62190386e-02 
 8.51138038e+05  1.62110688e-02 
 8.70963590e+05  1.62024644e-02 
 8.91250938e+05  1.61932451e-02 
 9.12010839e+05  1.61834292e-02 
 9.33254301e+05  1.61730331e-02 
 9.54992586e+05  1.61620720e-02 
 9.77237221e+05  1.61505597e-02 
 1.00000000e+06  1.61385090e-02 
