 1.00000000e+00  9.99220486e+00 
 1.02329299e+00  9.99181019e+00 
 1.04712855e+00  9.99139694e+00 
 1.07151931e+00  9.99096426e+00 
 1.09647820e+00  9.99051124e+00 
 1.12201845e+00  9.99003690e+00 
 1.14815362e+00  9.98954027e+00 
 1.17489755e+00  9.98902029e+00 
 1.20226443e+00  9.98847586e+00 
 1.23026877e+00  9.98790584e+00 
 1.25892541e+00  9.98730903e+00 
 1.28824955e+00  9.98668418e+00 
 1.31825674e+00  9.98602996e+00 
 1.34896288e+00  9.98534502e+00 
 1.38038426e+00  9.98462789e+00 
 1.41253754e+00  9.98387709e+00 
 1.44543977e+00  9.98309104e+00 
 1.47910839e+00  9.98226808e+00 
 1.51356125e+00  9.98140649e+00 
 1.54881662e+00  9.98050446e+00 
 1.58489319e+00  9.97956011e+00 
 1.62181010e+00  9.97857146e+00 
 1.65958691e+00  9.97753643e+00 
 1.69824365e+00  9.97645288e+00 
 1.73780083e+00  9.97531852e+00 
 1.77827941e+00  9.97413100e+00 
 1.81970086e+00  9.97288783e+00 
 1.86208714e+00  9.97158643e+00 
 1.90546072e+00  9.97022408e+00 
 1.94984460e+00  9.96879796e+00 
 1.99526231e+00  9.96730508e+00 
 2.04173794e+00  9.96574236e+00 
 2.08929613e+00  9.96410655e+00 
 2.13796209e+00  9.96239426e+00 
 2.18776162e+00  9.96060194e+00 
 2.23872114e+00  9.95872589e+00 
 2.29086765e+00  9.95676223e+00 
 2.34422882e+00  9.95470691e+00 
 2.39883292e+00  9.95255569e+00 
 2.45470892e+00  9.95030415e+00 
 2.51188643e+00  9.94794765e+00 
 2.57039578e+00  9.94548137e+00 
 2.63026799e+00  9.94290026e+00 
 2.69153480e+00  9.94019902e+00 
 2.75422870e+00  9.93737216e+00 
 2.81838293e+00  9.93441390e+00 
 2.88403150e+00  9.93131823e+00 
 2.95120923e+00  9.92807886e+00 
 3.01995172e+00  9.92468924e+00 
 3.09029543e+00  9.92114251e+00 
 3.16227766e+00  9.91743151e+00 
 3.23593657e+00  9.91354878e+00 
 3.31131121e+00  9.90948653e+00 
 3.38844156e+00  9.90523663e+00 
 3.46736850e+00  9.90079058e+00 
 3.54813389e+00  9.89613955e+00 
 3.63078055e+00  9.89127430e+00 
 3.71535229e+00  9.88618520e+00 
 3.80189396e+00  9.88086223e+00 
 3.89045145e+00  9.87529492e+00 
 3.98107171e+00  9.86947238e+00 
 4.07380278e+00  9.86338324e+00 
 4.16869383e+00  9.85701568e+00 
 4.26579519e+00  9.85035739e+00 
 4.36515832e+00  9.84339554e+00 
 4.46683592e+00  9.83611679e+00 
 4.57088190e+00  9.82850725e+00 
 4.67735141e+00  9.82055248e+00 
 4.78630092e+00  9.81223745e+00 
 4.89778819e+00  9.80354657e+00 
 5.01187234e+00  9.79446360e+00 
 5.12861384e+00  9.78497170e+00 
 5.24807460e+00  9.77505338e+00 
 5.37031796e+00  9.76469047e+00 
 5.49540874e+00  9.75386413e+00 
 5.62341325e+00  9.74255485e+00 
 5.75439937e+00  9.73074236e+00 
 5.88843655e+00  9.71840569e+00 
 6.02559586e+00  9.70552313e+00 
 6.16595002e+00  9.69207219e+00 
 6.30957344e+00  9.67802965e+00 
 6.45654229e+00  9.66337146e+00 
 6.60693448e+00  9.64807281e+00 
 6.76082975e+00  9.63210809e+00 
 6.91830971e+00  9.61545085e+00 
 7.07945784e+00  9.59807387e+00 
 7.24435960e+00  9.57994909e+00 
 7.41310241e+00  9.56104763e+00 
 7.58577575e+00  9.54133980e+00 
 7.76247117e+00  9.52079512e+00 
 7.94328235e+00  9.49938227e+00 
 8.12830516e+00  9.47706918e+00 
 8.31763771e+00  9.45382298e+00 
 8.51138038e+00  9.42961007e+00 
 8.70963590e+00  9.40439610e+00 
 8.91250938e+00  9.37814603e+00 
 9.12010839e+00  9.35082417e+00 
 9.33254301e+00  9.32239419e+00 
 9.54992586e+00  9.29281919e+00 
 9.77237221e+00  9.26206174e+00 
 1.00000000e+01  9.23008397e+00 
 1.02329299e+01  9.19684757e+00 
 1.04712855e+01  9.16231395e+00 
 1.07151931e+01  9.12644426e+00 
 1.09647820e+01  9.08919948e+00 
 1.12201845e+01  9.05054058e+00 
 1.14815362e+01  9.01042855e+00 
 1.17489755e+01  8.96882455e+00 
 1.20226443e+01  8.92569005e+00 
 1.23026877e+01  8.88098693e+00 
 1.25892541e+01  8.83467766e+00 
 1.28824955e+01  8.78672541e+00 
 1.31825674e+01  8.73709423e+00 
 1.34896288e+01  8.68574924e+00 
 1.38038426e+01  8.63265676e+00 
 1.41253754e+01  8.57778455e+00 
 1.44543977e+01  8.52110195e+00 
 1.47910839e+01  8.46258011e+00 
 1.51356125e+01  8.40219220e+00 
 1.54881662e+01  8.33991359e+00 
 1.58489319e+01  8.27572210e+00 
 1.62181010e+01  8.20959820e+00 
 1.65958691e+01  8.14152522e+00 
 1.69824365e+01  8.07148958e+00 
 1.73780083e+01  7.99948101e+00 
 1.77827941e+01  7.92549277e+00 
 1.81970086e+01  7.84952184e+00 
 1.86208714e+01  7.77156915e+00 
 1.90546072e+01  7.69163975e+00 
 1.94984460e+01  7.60974300e+00 
 1.99526231e+01  7.52589277e+00 
 2.04173794e+01  7.44010755e+00 
 2.08929613e+01  7.35241064e+00 
 2.13796209e+01  7.26283023e+00 
 2.18776162e+01  7.17139952e+00 
 2.23872114e+01  7.07815681e+00 
 2.29086765e+01  6.98314552e+00 
 2.34422882e+01  6.88641426e+00 
 2.39883292e+01  6.78801679e+00 
 2.45470892e+01  6.68801202e+00 
 2.51188643e+01  6.58646395e+00 
 2.57039578e+01  6.48344154e+00 
 2.63026799e+01  6.37901866e+00 
 2.69153480e+01  6.27327388e+00 
 2.75422870e+01  6.16629031e+00 
 2.81838293e+01  6.05815538e+00 
 2.88403150e+01  5.94896061e+00 
 2.95120923e+01  5.83880132e+00 
 3.01995172e+01  5.72777637e+00 
 3.09029543e+01  5.61598776e+00 
 3.16227766e+01  5.50354037e+00 
 3.23593657e+01  5.39054152e+00 
 3.31131121e+01  5.27710064e+00 
 3.38844156e+01  5.16332881e+00 
 3.46736850e+01  5.04933842e+00 
 3.54813389e+01  4.93524265e+00 
 3.63078055e+01  4.82115514e+00 
 3.71535229e+01  4.70718947e+00 
 3.80189396e+01  4.59345880e+00 
 3.89045145e+01  4.48007538e+00 
 3.98107171e+01  4.36715020e+00 
 4.07380278e+01  4.25479251e+00 
 4.16869383e+01  4.14310949e+00 
 4.26579519e+01  4.03220580e+00 
 4.36515832e+01  3.92218332e+00 
 4.46683592e+01  3.81314073e+00 
 4.57088190e+01  3.70517323e+00 
 4.67735141e+01  3.59837229e+00 
 4.78630092e+01  3.49282533e+00 
 4.89778819e+01  3.38861555e+00 
 5.01187234e+01  3.28582173e+00 
 5.12861384e+01  3.18451804e+00 
 5.24807460e+01  3.08477393e+00 
 5.37031796e+01  2.98665404e+00 
 5.49540874e+01  2.89021811e+00 
 5.62341325e+01  2.79552097e+00 
 5.75439937e+01  2.70261255e+00 
 5.88843655e+01  2.61153785e+00 
 6.02559586e+01  2.52233707e+00 
 6.16595002e+01  2.43504566e+00 
 6.30957344e+01  2.34969442e+00 
 6.45654229e+01  2.26630965e+00 
 6.60693448e+01  2.18491335e+00 
 6.76082975e+01  2.10552333e+00 
 6.91830971e+01  2.02815347e+00 
 7.07945784e+01  1.95281393e+00 
 7.24435960e+01  1.87951138e+00 
 7.41310241e+01  1.80824927e+00 
 7.58577575e+01  1.73902809e+00 
 7.76247117e+01  1.67184565e+00 
 7.94328235e+01  1.60669740e+00 
 8.12830516e+01  1.54357671e+00 
 8.31763771e+01  1.48247518e+00 
 8.51138038e+01  1.42338300e+00 
 8.70963590e+01  1.36628922e+00 
 8.91250938e+01  1.31118213e+00 
 9.12010839e+01  1.25804960e+00 
 9.33254301e+01  1.20687934e+00 
 9.54992586e+01  1.15765935e+00 
 9.77237221e+01  1.11037812e+00 
 1.00000000e+02  1.06502506e+00 
 1.02329299e+02  1.02159072e+00 
 1.04712855e+02  9.80067093e-01 
 1.07151931e+02  9.40447869e-01 
 1.09647820e+02  9.02728609e-01 
 1.12201845e+02  8.66906892e-01 
 1.14815362e+02  8.32982376e-01 
 1.17489755e+02  8.00956762e-01 
 1.20226443e+02  7.70833641e-01 
 1.23026877e+02  7.42618215e-01 
 1.25892541e+02  7.16316852e-01 
 1.28824955e+02  6.91936476e-01 
 1.31825674e+02  6.69483778e-01 
 1.34896288e+02  6.48964252e-01 
 1.38038426e+02  6.30381081e-01 
 1.41253754e+02  6.13733908e-01 
 1.44543977e+02  5.99017554e-01 
 1.47910839e+02  5.86220761e-01 
 1.51356125e+02  5.75325063e-01 
 1.54881662e+02  5.66303875e-01 
 1.58489319e+02  5.59121903e-01 
 1.62181010e+02  5.53734936e-01 
 1.65958691e+02  5.50090082e-01 
 1.69824365e+02  5.48126422e-01 
 1.73780083e+02  5.47776057e-01 
 1.77827941e+02  5.48965470e-01 
 1.81970086e+02  5.51617086e-01 
 1.86208714e+02  5.55650931e-01 
 1.90546072e+02  5.60986267e-01 
 1.94984460e+02  5.67543121e-01 
 1.99526231e+02  5.75243624e-01 
 2.04173794e+02  5.84013135e-01 
 2.08929613e+02  5.93781106e-01 
 2.13796209e+02  6.04481722e-01 
 2.18776162e+02  6.16054300e-01 
 2.23872114e+02  6.28443508e-01 
 2.29086765e+02  6.41599407e-01 
 2.34422882e+02  6.55477375e-01 
 2.39883292e+02  6.70037929e-01 
 2.45470892e+02  6.85246474e-01 
 2.51188643e+02  7.01073010e-01 
 2.57039578e+02  7.17491819e-01 
 2.63026799e+02  7.34481125e-01 
 2.69153480e+02  7.52022774e-01 
 2.75422870e+02  7.70101911e-01 
 2.81838293e+02  7.88706672e-01 
 2.88403150e+02  8.07827901e-01 
 2.95120923e+02  8.27458883e-01 
 3.01995172e+02  8.47595096e-01 
 3.09029543e+02  8.68233990e-01 
 3.16227766e+02  8.89374784e-01 
 3.23593657e+02  9.11018279e-01 
 3.31131121e+02  9.33166699e-01 
 3.38844156e+02  9.55823537e-01 
 3.46736850e+02  9.78993427e-01 
 3.54813389e+02  1.00268202e+00 
 3.63078055e+02  1.02689590e+00 
 3.71535229e+02  1.05164244e+00 
 3.80189396e+02  1.07692979e+00 
 3.89045145e+02  1.10276674e+00 
 3.98107171e+02  1.12916268e+00 
 4.07380278e+02  1.15612757e+00 
 4.16869383e+02  1.18367182e+00 
 4.26579519e+02  1.21180629e+00 
 4.36515832e+02  1.24054226e+00 
 4.46683592e+02  1.26989135e+00 
 4.57088190e+02  1.29986551e+00 
 4.67735141e+02  1.33047699e+00 
 4.78630092e+02  1.36173830e+00 
 4.89778819e+02  1.39366218e+00 
 5.01187234e+02  1.42626161e+00 
 5.12861384e+02  1.45954974e+00 
 5.24807460e+02  1.49353988e+00 
 5.37031796e+02  1.52824551e+00 
 5.49540874e+02  1.56368021e+00 
 5.62341325e+02  1.59985768e+00 
 5.75439937e+02  1.63679169e+00 
 5.88843655e+02  1.67449609e+00 
 6.02559586e+02  1.71298474e+00 
 6.16595002e+02  1.75227154e+00 
 6.30957344e+02  1.79237038e+00 
 6.45654229e+02  1.83329511e+00 
 6.60693448e+02  1.87505955e+00 
 6.76082975e+02  1.91767741e+00 
 6.91830971e+02  1.96116232e+00 
 7.07945784e+02  2.00552777e+00 
 7.24435960e+02  2.05078706e+00 
 7.41310241e+02  2.09695334e+00 
 7.58577575e+02  2.14403948e+00 
 7.76247117e+02  2.19205813e+00 
 7.94328235e+02  2.24102161e+00 
 8.12830516e+02  2.29094192e+00 
 8.31763771e+02  2.34183066e+00 
 8.51138038e+02  2.39369902e+00 
 8.70963590e+02  2.44655773e+00 
 8.91250938e+02  2.50041697e+00 
 9.12010839e+02  2.55528640e+00 
 9.33254301e+02  2.61117502e+00 
 9.54992586e+02  2.66809120e+00 
 9.77237221e+02  2.72604255e+00 
 1.00000000e+03  2.78503591e+00 
 1.02329299e+03  2.84507728e+00 
 1.04712855e+03  2.90617175e+00 
 1.07151931e+03  2.96832342e+00 
 1.09647820e+03  3.03153539e+00 
 1.12201845e+03  3.09580961e+00 
 1.14815362e+03  3.16114689e+00 
 1.17489755e+03  3.22754679e+00 
 1.20226443e+03  3.29500754e+00 
 1.23026877e+03  3.36352599e+00 
 1.25892541e+03  3.43309754e+00 
 1.28824955e+03  3.50371605e+00 
 1.31825674e+03  3.57537377e+00 
 1.34896288e+03  3.64806128e+00 
 1.38038426e+03  3.72176741e+00 
 1.41253754e+03  3.79647919e+00 
 1.44543977e+03  3.87218174e+00 
 1.47910839e+03  3.94885827e+00 
 1.51356125e+03  4.02648996e+00 
 1.54881662e+03  4.10505596e+00 
 1.58489319e+03  4.18453327e+00 
 1.62181010e+03  4.26489678e+00 
 1.65958691e+03  4.34611914e+00 
 1.69824365e+03  4.42817080e+00 
 1.73780083e+03  4.51101996e+00 
 1.77827941e+03  4.59463254e+00 
 1.81970086e+03  4.67897218e+00 
 1.86208714e+03  4.76400025e+00 
 1.90546072e+03  4.84967588e+00 
 1.94984460e+03  4.93595592e+00 
 1.99526231e+03  5.02279506e+00 
 2.04173794e+03  5.11014579e+00 
 2.08929613e+03  5.19795854e+00 
 2.13796209e+03  5.28618170e+00 
 2.18776162e+03  5.37476172e+00 
 2.23872114e+03  5.46364322e+00 
 2.29086765e+03  5.55276907e+00 
 2.34422882e+03  5.64208057e+00 
 2.39883292e+03  5.73151752e+00 
 2.45470892e+03  5.82101842e+00 
 2.51188643e+03  5.91052062e+00 
 2.57039578e+03  5.99996047e+00 
 2.63026799e+03  6.08927353e+00 
 2.69153480e+03  6.17839476e+00 
 2.75422870e+03  6.26725872e+00 
 2.81838293e+03  6.35579974e+00 
 2.88403150e+03  6.44395220e+00 
 2.95120923e+03  6.53165070e+00 
 3.01995172e+03  6.61883029e+00 
 3.09029543e+03  6.70542668e+00 
 3.16227766e+03  6.79137651e+00 
 3.23593657e+03  6.87661750e+00 
 3.31131121e+03  6.96108872e+00 
 3.38844156e+03  7.04473074e+00 
 3.46736850e+03  7.12748590e+00 
 3.54813389e+03  7.20929844e+00 
 3.63078055e+03  7.29011474e+00 
 3.71535229e+03  7.36988342e+00 
 3.80189396e+03  7.44855556e+00 
 3.89045145e+03  7.52608480e+00 
 3.98107171e+03  7.60242750e+00 
 4.07380278e+03  7.67754282e+00 
 4.16869383e+03  7.75139283e+00 
 4.26579519e+03  7.82394261e+00 
 4.36515832e+03  7.89516025e+00 
 4.46683592e+03  7.96501696e+00 
 4.57088190e+03  8.03348705e+00 
 4.67735141e+03  8.10054797e+00 
 4.78630092e+03  8.16618028e+00 
 4.89778819e+03  8.23036763e+00 
 5.01187234e+03  8.29309674e+00 
 5.12861384e+03  8.35435733e+00 
 5.24807460e+03  8.41414205e+00 
 5.37031796e+03  8.47244644e+00 
 5.49540874e+03  8.52926877e+00 
 5.62341325e+03  8.58461002e+00 
 5.75439937e+03  8.63847370e+00 
 5.88843655e+03  8.69086581e+00 
 6.02559586e+03  8.74179465e+00 
 6.16595002e+03  8.79127072e+00 
 6.30957344e+03  8.83930661e+00 
 6.45654229e+03  8.88591681e+00 
 6.60693448e+03  8.93111763e+00 
 6.76082975e+03  8.97492706e+00 
 6.91830971e+03  9.01736458e+00 
 7.07945784e+03  9.05845107e+00 
 7.24435960e+03  9.09820868e+00 
 7.41310241e+03  9.13666067e+00 
 7.58577575e+03  9.17383129e+00 
 7.76247117e+03  9.20974567e+00 
 7.94328235e+03  9.24442969e+00 
 8.12830516e+03  9.27790986e+00 
 8.31763771e+03  9.31021321e+00 
 8.51138038e+03  9.34136720e+00 
 8.70963590e+03  9.37139958e+00 
 8.91250938e+03  9.40033836e+00 
 9.12010839e+03  9.42821165e+00 
 9.33254301e+03  9.45504762e+00 
 9.54992586e+03  9.48087442e+00 
 9.77237221e+03  9.50572008e+00 
 1.00000000e+04  9.52961249e+00 
 1.02329299e+04  9.55257927e+00 
 1.04712855e+04  9.57464780e+00 
 1.07151931e+04  9.59584509e+00 
 1.09647820e+04  9.61619779e+00 
 1.12201845e+04  9.63573211e+00 
 1.14815362e+04  9.65447380e+00 
 1.17489755e+04  9.67244813e+00 
 1.20226443e+04  9.68967984e+00 
 1.23026877e+04  9.70619311e+00 
 1.25892541e+04  9.72201156e+00 
 1.28824955e+04  9.73715823e+00 
 1.31825674e+04  9.75165556e+00 
 1.34896288e+04  9.76552535e+00 
 1.38038426e+04  9.77878879e+00 
 1.41253754e+04  9.79146644e+00 
 1.44543977e+04  9.80357822e+00 
 1.47910839e+04  9.81514341e+00 
 1.51356125e+04  9.82618064e+00 
 1.54881662e+04  9.83670791e+00 
 1.58489319e+04  9.84674257e+00 
 1.62181010e+04  9.85630133e+00 
 1.65958691e+04  9.86540027e+00 
 1.69824365e+04  9.87405485e+00 
 1.73780083e+04  9.88227988e+00 
 1.77827941e+04  9.89008959e+00 
 1.81970086e+04  9.89749757e+00 
 1.86208714e+04  9.90451682e+00 
 1.90546072e+04  9.91115974e+00 
 1.94984460e+04  9.91743815e+00 
 1.99526231e+04  9.92336329e+00 
 2.04173794e+04  9.92894583e+00 
 2.08929613e+04  9.93419587e+00 
 2.13796209e+04  9.93912298e+00 
 2.18776162e+04  9.94373617e+00 
 2.23872114e+04  9.94804391e+00 
 2.29086765e+04  9.95205414e+00 
 2.34422882e+04  9.95577431e+00 
 2.39883292e+04  9.95921133e+00 
 2.45470892e+04  9.96237160e+00 
 2.51188643e+04  9.96526104e+00 
 2.57039578e+04  9.96788507e+00 
 2.63026799e+04  9.97024862e+00 
 2.69153480e+04  9.97235615e+00 
 2.75422870e+04  9.97421164e+00 
 2.81838293e+04  9.97581859e+00 
 2.88403150e+04  9.97718004e+00 
 2.95120923e+04  9.97829858e+00 
 3.01995172e+04  9.97917632e+00 
 3.09029543e+04  9.97981492e+00 
 3.16227766e+04  9.98021558e+00 
 3.23593657e+04  9.98037906e+00 
 3.31131121e+04  9.98030564e+00 
 3.38844156e+04  9.97999518e+00 
 3.46736850e+04  9.97944706e+00 
 3.54813389e+04  9.97866022e+00 
 3.63078055e+04  9.97763314e+00 
 3.71535229e+04  9.97636383e+00 
 3.80189396e+04  9.97484985e+00 
 3.89045145e+04  9.97308831e+00 
 3.98107171e+04  9.97107582e+00 
 4.07380278e+04  9.96880855e+00 
 4.16869383e+04  9.96628218e+00 
 4.26579519e+04  9.96349189e+00 
 4.36515832e+04  9.96043241e+00 
 4.46683592e+04  9.95709794e+00 
 4.57088190e+04  9.95348220e+00 
 4.67735141e+04  9.94957839e+00 
 4.78630092e+04  9.94537921e+00 
 4.89778819e+04  9.94087682e+00 
 5.01187234e+04  9.93606285e+00 
 5.12861384e+04  9.93092839e+00 
 5.24807460e+04  9.92546399e+00 
 5.37031796e+04  9.91965962e+00 
 5.49540874e+04  9.91350471e+00 
 5.62341325e+04  9.90698808e+00 
 5.75439937e+04  9.90009799e+00 
 5.88843655e+04  9.89282208e+00 
 6.02559586e+04  9.88514740e+00 
 6.16595002e+04  9.87706037e+00 
 6.30957344e+04  9.86854679e+00 
 6.45654229e+04  9.85959184e+00 
 6.60693448e+04  9.85018004e+00 
 6.76082975e+04  9.84029525e+00 
 6.91830971e+04  9.82992071e+00 
 7.07945784e+04  9.81903895e+00 
 7.24435960e+04  9.80763186e+00 
 7.41310241e+04  9.79568066e+00 
 7.58577575e+04  9.78316587e+00 
 7.76247117e+04  9.77006735e+00 
 7.94328235e+04  9.75636427e+00 
 8.12830516e+04  9.74203513e+00 
 8.31763771e+04  9.72705775e+00 
 8.51138038e+04  9.71140929e+00 
 8.70963590e+04  9.69506624e+00 
 8.91250938e+04  9.67800444e+00 
 9.12010839e+04  9.66019910e+00 
 9.33254301e+04  9.64162481e+00 
 9.54992586e+04  9.62225555e+00 
 9.77237221e+04  9.60206472e+00 
 1.00000000e+05  9.58102519e+00 
