 1.00000000e+02  5.00407461e+00 
 1.02329299e+02  5.00423115e+00 
 1.04712855e+02  5.00439280e+00 
 1.07151931e+02  5.00455959e+00 
 1.09647820e+02  5.00473152e+00 
 1.12201845e+02  5.00490857e+00 
 1.14815362e+02  5.00509069e+00 
 1.17489755e+02  5.00527780e+00 
 1.20226443e+02  5.00546979e+00 
 1.23026877e+02  5.00566650e+00 
 1.25892541e+02  5.00586774e+00 
 1.28824955e+02  5.00607327e+00 
 1.31825674e+02  5.00628278e+00 
 1.34896288e+02  5.00649591e+00 
 1.38038426e+02  5.00671221e+00 
 1.41253754e+02  5.00693118e+00 
 1.44543977e+02  5.00715220e+00 
 1.47910839e+02  5.00737458e+00 
 1.51356125e+02  5.00759749e+00 
 1.54881662e+02  5.00781999e+00 
 1.58489319e+02  5.00804102e+00 
 1.62181010e+02  5.00825933e+00 
 1.65958691e+02  5.00847352e+00 
 1.69824365e+02  5.00868200e+00 
 1.73780083e+02  5.00888296e+00 
 1.77827941e+02  5.00907437e+00 
 1.81970086e+02  5.00925393e+00 
 1.86208714e+02  5.00941906e+00 
 1.90546072e+02  5.00956684e+00 
 1.94984460e+02  5.00969403e+00 
 1.99526231e+02  5.00979697e+00 
 2.04173794e+02  5.00987160e+00 
 2.08929613e+02  5.00991335e+00 
 2.13796209e+02  5.00991715e+00 
 2.18776162e+02  5.00987735e+00 
 2.23872114e+02  5.00978765e+00 
 2.29086765e+02  5.00964104e+00 
 2.34422882e+02  5.00942976e+00 
 2.39883292e+02  5.00914516e+00 
 2.45470892e+02  5.00877768e+00 
 2.51188643e+02  5.00831671e+00 
 2.57039578e+02  5.00775052e+00 
 2.63026799e+02  5.00706611e+00 
 2.69153480e+02  5.00624914e+00 
 2.75422870e+02  5.00528375e+00 
 2.81838293e+02  5.00415245e+00 
 2.88403150e+02  5.00283594e+00 
 2.95120923e+02  5.00131297e+00 
 3.01995172e+02  4.99956014e+00 
 3.09029543e+02  4.99755170e+00 
 3.16227766e+02  4.99525937e+00 
 3.23593657e+02  4.99265209e+00 
 3.31131121e+02  4.98969577e+00 
 3.38844156e+02  4.98635309e+00 
 3.46736850e+02  4.98258318e+00 
 3.54813389e+02  4.97834134e+00 
 3.63078055e+02  4.97357880e+00 
 3.71535229e+02  4.96824234e+00 
 3.80189396e+02  4.96227403e+00 
 3.89045145e+02  4.95561090e+00 
 3.98107171e+02  4.94818458e+00 
 4.07380278e+02  4.93992106e+00 
 4.16869383e+02  4.93074031e+00 
 4.26579519e+02  4.92055602e+00 
 4.36515832e+02  4.90927536e+00 
 4.46683592e+02  4.89679872e+00 
 4.57088190e+02  4.88301958e+00 
 4.67735141e+02  4.86782440e+00 
 4.78630092e+02  4.85109260e+00 
 4.89778819e+02  4.83269666e+00 
 5.01187234e+02  4.81250235e+00 
 5.12861384e+02  4.79036912e+00 
 5.24807460e+02  4.76615061e+00 
 5.37031796e+02  4.73969545e+00 
 5.49540874e+02  4.71084824e+00 
 5.62341325e+02  4.67945077e+00 
 5.75439937e+02  4.64534352e+00 
 5.88843655e+02  4.60836749e+00 
 6.02559586e+02  4.56836627e+00 
 6.16595002e+02  4.52518840e+00 
 6.30957344e+02  4.47869007e+00 
 6.45654229e+02  4.42873801e+00 
 6.60693448e+02  4.37521262e+00 
 6.76082975e+02  4.31801124e+00 
 6.91830971e+02  4.25705150e+00 
 7.07945784e+02  4.19227459e+00 
 7.24435960e+02  4.12364850e+00 
 7.41310241e+02  4.05117090e+00 
 7.58577575e+02  3.97487168e+00 
 7.76247117e+02  3.89481501e+00 
 7.94328235e+02  3.81110073e+00 
 8.12830516e+02  3.72386504e+00 
 8.31763771e+02  3.63328038e+00 
 8.51138038e+02  3.53955451e+00 
 8.70963590e+02  3.44292870e+00 
 8.91250938e+02  3.34367511e+00 
 9.12010839e+02  3.24209350e+00 
 9.33254301e+02  3.13850716e+00 
 9.54992586e+02  3.03325854e+00 
 9.77237221e+02  2.92670434e+00 
 1.00000000e+03  2.81921055e+00 
 1.02329299e+03  2.71114742e+00 
 1.04712855e+03  2.60288458e+00 
 1.07151931e+03  2.49478643e+00 
 1.09647820e+03  2.38720792e+00 
 1.12201845e+03  2.28049077e+00 
 1.14815362e+03  2.17496027e+00 
 1.17489755e+03  2.07092253e+00 
 1.20226443e+03  1.96866237e+00 
 1.23026877e+03  1.86844166e+00 
 1.25892541e+03  1.77049816e+00 
 1.28824955e+03  1.67504480e+00 
 1.31825674e+03  1.58226936e+00 
 1.34896288e+03  1.49233443e+00 
 1.38038426e+03  1.40537773e+00 
 1.41253754e+03  1.32151253e+00 
 1.44543977e+03  1.24082844e+00 
 1.47910839e+03  1.16339222e+00 
 1.51356125e+03  1.08924877e+00 
 1.54881662e+03  1.01842229e+00 
 1.58489319e+03  9.50917482e-01 
 1.62181010e+03  8.86720829e-01 
 1.65958691e+03  8.25802015e-01 
 1.69824365e+03  7.68115343e-01 
 1.73780083e+03  7.13601229e-01 
 1.77827941e+03  6.62187721e-01 
 1.81970086e+03  6.13792031e-01 
 1.86208714e+03  5.68322070e-01 
 1.90546072e+03  5.25677954e-01 
 1.94984460e+03  4.85753477e-01 
 1.99526231e+03  4.48437521e-01 
 2.04173794e+03  4.13615403e-01 
 2.08929613e+03  3.81170128e-01 
 2.13796209e+03  3.50983543e-01 
 2.18776162e+03  3.22937398e-01 
 2.23872114e+03  2.96914279e-01 
 2.29086765e+03  2.72798443e-01 
 2.34422882e+03  2.50476529e-01 
 2.39883292e+03  2.29838166e-01 
 2.45470892e+03  2.10776466e-01 
 2.51188643e+03  1.93188427e-01 
 2.57039578e+03  1.76975236e-01 
 2.63026799e+03  1.62042491e-01 
 2.69153480e+03  1.48300345e-01 
 2.75422870e+03  1.35663585e-01 
 2.81838293e+03  1.24051652e-01 
 2.88403150e+03  1.13388612e-01 
 2.95120923e+03  1.03603086e-01 
 3.01995172e+03  9.46281408e-02 
 3.09029543e+03  8.64011604e-02 
 3.16227766e+03  7.88636890e-02 
 3.23593657e+03  7.19612618e-02 
 3.31131121e+03  6.56432233e-02 
 3.38844156e+03  5.98625383e-02 
 3.46736850e+03  5.45755994e-02 
 3.54813389e+03  4.97420337e-02 
 3.63078055e+03  4.53245105e-02 
 3.71535229e+03  4.12885527e-02 
 3.80189396e+03  3.76023535e-02 
 3.89045145e+03  3.42365986e-02 
 3.98107171e+03  3.11642953e-02 
 4.07380278e+03  2.83606101e-02 
 4.16869383e+03  2.58027135e-02 
 4.26579519e+03  2.34696329e-02 
 4.36515832e+03  2.13421147e-02 
 4.46683592e+03  1.94024938e-02 
 4.57088190e+03  1.76345714e-02 
 4.67735141e+03  1.60235014e-02 
 4.78630092e+03  1.45556833e-02 
 4.89778819e+03  1.32186636e-02 
 5.01187234e+03  1.20010432e-02 
 5.12861384e+03  1.08923926e-02 
 5.24807460e+03  9.88317208e-03 
 5.37031796e+03  8.96465903e-03 
 5.49540874e+03  8.12888015e-03 
 5.62341325e+03  7.36854911e-03 
 5.75439937e+03  6.67700910e-03 
 5.88843655e+03  6.04817986e-03 
 6.02559586e+03  5.47650901e-03 
 6.16595002e+03  4.95692731e-03 
 6.30957344e+03  4.48480746e-03 
 6.45654229e+03  4.05592645e-03 
 6.60693448e+03  3.66643084e-03 
 6.76082975e+03  3.31280503e-03 
 6.91830971e+03  2.99184214e-03 
 7.07945784e+03  2.70061736e-03 
 7.24435960e+03  2.43646349e-03 
 7.41310241e+03  2.19694861e-03 
 7.58577575e+03  1.97985562e-03 
 7.76247117e+03  1.78316351e-03 
 7.94328235e+03  1.60503027e-03 
 8.12830516e+03  1.44377724e-03 
 8.31763771e+03  1.29787481e-03 
 8.51138038e+03  1.16592939e-03 
 8.70963590e+03  1.04667149e-03 
 8.91250938e+03  9.38944827e-04 
 9.12010839e+03  8.41696444e-04 
 9.33254301e+03  7.53967681e-04 
 9.54992586e+03  6.74885971e-04 
 9.77237221e+03  6.03657398e-04 
 1.00000000e+04  5.39559962e-04 
 1.02329299e+04  4.81937508e-04 
 1.04712855e+04  4.30194285e-04 
 1.07151931e+04  3.83790103e-04 
 1.09647820e+04  3.42236066e-04 
 1.12201845e+04  3.05090870e-04 
 1.14815362e+04  2.71957639e-04 
 1.17489755e+04  2.42481286e-04 
 1.20226443e+04  2.16346341e-04 
 1.23026877e+04  1.93275181e-04 
 1.25892541e+04  1.73026466e-04 
 1.28824955e+04  1.55393506e-04 
 1.31825674e+04  1.40202059e-04 
 1.34896288e+04  1.27306873e-04 
 1.38038426e+04  1.16586158e-04 
 1.41253754e+04  1.07933345e-04 
 1.44543977e+04  1.01246274e-04 
 1.47910839e+04  9.64153641e-05 
 1.51356125e+04  9.33138721e-05 
 1.54881662e+04  9.17937696e-05 
 1.58489319e+04  9.16891058e-05 
 1.62181010e+04  9.28255922e-05 
 1.65958691e+04  9.50326305e-05 
 1.69824365e+04  9.81537651e-05 
 1.73780083e+04  1.02053234e-04 
 1.77827941e+04  1.06618356e-04 
 1.81970086e+04  1.11758774e-04 
 1.86208714e+04  1.17403914e-04 
 1.90546072e+04  1.23499758e-04 
 1.94984460e+04  1.30005641e-04 
 1.99526231e+04  1.36891425e-04 
 2.04173794e+04  1.44135165e-04 
 2.08929613e+04  1.51721268e-04 
 2.13796209e+04  1.59639084e-04 
 2.18776162e+04  1.67881842e-04 
 2.23872114e+04  1.76445864e-04 
 2.29086765e+04  1.85329988e-04 
 2.34422882e+04  1.94535145e-04 
 2.39883292e+04  2.04064049e-04 
 2.45470892e+04  2.13920975e-04 
 2.51188643e+04  2.24111594e-04 
 2.57039578e+04  2.34642853e-04 
 2.63026799e+04  2.45522891e-04 
 2.69153480e+04  2.56760963e-04 
 2.75422870e+04  2.68367401e-04 
 2.81838293e+04  2.80353570e-04 
 2.88403150e+04  2.92731836e-04 
 2.95120923e+04  3.05515550e-04 
 3.01995172e+04  3.18719020e-04 
 3.09029543e+04  3.32357499e-04 
 3.16227766e+04  3.46447170e-04 
 3.23593657e+04  3.61005136e-04 
 3.31131121e+04  3.76049402e-04 
 3.38844156e+04  3.91598872e-04 
 3.46736850e+04  4.07673332e-04 
 3.54813389e+04  4.24293446e-04 
 3.63078055e+04  4.41480741e-04 
 3.71535229e+04  4.59257598e-04 
 3.80189396e+04  4.77647240e-04 
 3.89045145e+04  4.96673723e-04 
 3.98107171e+04  5.16361920e-04 
 4.07380278e+04  5.36737506e-04 
 4.16869383e+04  5.57826947e-04 
 4.26579519e+04  5.79657480e-04 
 4.36515832e+04  6.02257096e-04 
 4.46683592e+04  6.25654519e-04 
 4.57088190e+04  6.49879184e-04 
 4.67735141e+04  6.74961216e-04 
 4.78630092e+04  7.00931400e-04 
 4.89778819e+04  7.27821154e-04 
 5.01187234e+04  7.55662503e-04 
 5.12861384e+04  7.84488040e-04 
 5.24807460e+04  8.14330895e-04 
 5.37031796e+04  8.45224696e-04 
 5.49540874e+04  8.77203534e-04 
 5.62341325e+04  9.10301914e-04 
 5.75439937e+04  9.44554720e-04 
 5.88843655e+04  9.79997163e-04 
 6.02559586e+04  1.01666474e-03 
 6.16595002e+04  1.05459317e-03 
 6.30957344e+04  1.09381837e-03 
 6.45654229e+04  1.13437637e-03 
 6.60693448e+04  1.17630331e-03 
 6.76082975e+04  1.21963532e-03 
 6.91830971e+04  1.26440852e-03 
 7.07945784e+04  1.31065895e-03 
 7.24435960e+04  1.35842252e-03 
 7.41310241e+04  1.40773494e-03 
 7.58577575e+04  1.45863170e-03 
 7.76247117e+04  1.51114799e-03 
 7.94328235e+04  1.56531867e-03 
 8.12830516e+04  1.62117823e-03 
 8.31763771e+04  1.67876073e-03 
 8.51138038e+04  1.73809977e-03 
 8.70963590e+04  1.79922846e-03 
 8.91250938e+04  1.86217938e-03 
 9.12010839e+04  1.92698454e-03 
 9.33254301e+04  1.99367539e-03 
 9.54992586e+04  2.06228276e-03 
 9.77237221e+04  2.13283687e-03 
 1.00000000e+05  2.20536733e-03 
