 1.00000000e+02  1.11322222e-07 
 1.02329299e+02  1.09017377e-07 
 1.04712855e+02  1.06750759e-07 
 1.07151931e+02  1.04522296e-07 
 1.09647820e+02  1.02331885e-07 
 1.12201845e+02  1.00179390e-07 
 1.14815362e+02  9.80646438e-08 
 1.17489755e+02  9.59874492e-08 
 1.20226443e+02  9.39475801e-08 
 1.23026877e+02  9.19447829e-08 
 1.25892541e+02  8.99787783e-08 
 1.28824955e+02  8.80492629e-08 
 1.31825674e+02  8.61559106e-08 
 1.34896288e+02  8.42983748e-08 
 1.38038426e+02  8.24762896e-08 
 1.41253754e+02  8.06892715e-08 
 1.44543977e+02  7.89369214e-08 
 1.47910839e+02  7.72188257e-08 
 1.51356125e+02  7.55345579e-08 
 1.54881662e+02  7.38836803e-08 
 1.58489319e+02  7.22657450e-08 
 1.62181010e+02  7.06802956e-08 
 1.65958691e+02  6.91268681e-08 
 1.69824365e+02  6.76049923e-08 
 1.73780083e+02  6.61141930e-08 
 1.77827941e+02  6.46539906e-08 
 1.81970086e+02  6.32239026e-08 
 1.86208714e+02  6.18234444e-08 
 1.90546072e+02  6.04521298e-08 
 1.94984460e+02  5.91094724e-08 
 1.99526231e+02  5.77949859e-08 
 2.04173794e+02  5.65081852e-08 
 2.08929613e+02  5.52485865e-08 
 2.13796209e+02  5.40157085e-08 
 2.18776162e+02  5.28090727e-08 
 2.23872114e+02  5.16282040e-08 
 2.29086765e+02  5.04726311e-08 
 2.34422882e+02  4.93418871e-08 
 2.39883292e+02  4.82355101e-08 
 2.45470892e+02  4.71530430e-08 
 2.51188643e+02  4.60940348e-08 
 2.57039578e+02  4.50580401e-08 
 2.63026799e+02  4.40446203e-08 
 2.69153480e+02  4.30533431e-08 
 2.75422870e+02  4.20837836e-08 
 2.81838293e+02  4.11355242e-08 
 2.88403150e+02  4.02081552e-08 
 2.95120923e+02  3.93012747e-08 
 3.01995172e+02  3.84144898e-08 
 3.09029543e+02  3.75474161e-08 
 3.16227766e+02  3.66996785e-08 
 3.23593657e+02  3.58709118e-08 
 3.31131121e+02  3.50607607e-08 
 3.38844156e+02  3.42688806e-08 
 3.46736850e+02  3.34949382e-08 
 3.54813389e+02  3.27386118e-08 
 3.63078055e+02  3.19995921e-08 
 3.71535229e+02  3.12775828e-08 
 3.80189396e+02  3.05723018e-08 
 3.89045145e+02  2.98834815e-08 
 3.98107171e+02  2.92108700e-08 
 4.07380278e+02  2.85542324e-08 
 4.16869383e+02  2.79133517e-08 
 4.26579519e+02  2.72880305e-08 
 4.36515832e+02  2.66780919e-08 
 4.46683592e+02  2.60833818e-08 
 4.57088190e+02  2.55037706e-08 
 4.67735141e+02  2.49391549e-08 
 4.78630092e+02  2.43894602e-08 
 4.89778819e+02  2.38546432e-08 
 5.01187234e+02  2.33346946e-08 
 5.12861384e+02  2.28296421e-08 
 5.24807460e+02  2.23395537e-08 
 5.37031796e+02  2.18645413e-08 
 5.49540874e+02  2.14047645e-08 
 5.62341325e+02  2.09604348e-08 
 5.75439937e+02  2.05318199e-08 
 5.88843655e+02  2.01192483e-08 
 6.02559586e+02  1.97231142e-08 
 6.16595002e+02  1.93438822e-08 
 6.30957344e+02  1.89820920e-08 
 6.45654229e+02  1.86383637e-08 
 6.60693448e+02  1.83134014e-08 
 6.76082975e+02  1.80079979e-08 
 6.91830971e+02  1.77230375e-08 
 7.07945784e+02  1.74594981e-08 
 7.24435960e+02  1.72184525e-08 
 7.41310241e+02  1.70010674e-08 
 7.58577575e+02  1.68086010e-08 
 7.76247117e+02  1.66423981e-08 
 7.94328235e+02  1.65038833e-08 
 8.12830516e+02  1.63945506e-08 
 8.31763771e+02  1.63159523e-08 
 8.51138038e+02  1.62696837e-08 
 8.70963590e+02  1.62573672e-08 
 8.91250938e+02  1.62806350e-08 
 9.12010839e+02  1.63411103e-08 
 9.33254301e+02  1.64403907e-08 
 9.54992586e+02  1.65800314e-08 
 9.77237221e+02  1.67615318e-08 
 1.00000000e+03  1.69863256e-08 
 1.02329299e+03  1.72557743e-08 
 1.04712855e+03  1.75711663e-08 
 1.07151931e+03  1.79337194e-08 
 1.09647820e+03  1.83445886e-08 
 1.12201845e+03  1.88048778e-08 
 1.14815362e+03  1.93156541e-08 
 1.17489755e+03  1.98779653e-08 
 1.20226443e+03  2.04928581e-08 
 1.23026877e+03  2.11613979e-08 
 1.25892541e+03  2.18846878e-08 
 1.28824955e+03  2.26638874e-08 
 1.31825674e+03  2.35002302e-08 
 1.34896288e+03  2.43950398e-08 
 1.38038426e+03  2.53497450e-08 
 1.41253754e+03  2.63658927e-08 
 1.44543977e+03  2.74451594e-08 
 1.47910839e+03  2.85893622e-08 
 1.51356125e+03  2.98004674e-08 
 1.54881662e+03  3.10805992e-08 
 1.58489319e+03  3.24320472e-08 
 1.62181010e+03  3.38572727e-08 
 1.65958691e+03  3.53589159e-08 
 1.69824365e+03  3.69398015e-08 
 1.73780083e+03  3.86029453e-08 
 1.77827941e+03  4.03515599e-08 
 1.81970086e+03  4.21890614e-08 
 1.86208714e+03  4.41190751e-08 
 1.90546072e+03  4.61454433e-08 
 1.94984460e+03  4.82722315e-08 
 1.99526231e+03  5.05037364e-08 
 2.04173794e+03  5.28444939e-08 
 2.08929613e+03  5.52992872e-08 
 2.13796209e+03  5.78731566e-08 
 2.18776162e+03  6.05714084e-08 
 2.23872114e+03  6.33996256e-08 
 2.29086765e+03  6.63636786e-08 
 2.34422882e+03  6.94697367e-08 
 2.39883292e+03  7.27242804e-08 
 2.45470892e+03  7.61341146e-08 
 2.51188643e+03  7.97063817e-08 
 2.57039578e+03  8.34485766e-08 
 2.63026799e+03  8.73685616e-08 
 2.69153480e+03  9.14745826e-08 
 2.75422870e+03  9.57752864e-08 
 2.81838293e+03  1.00279738e-07 
 2.88403150e+03  1.04997439e-07 
 2.95120923e+03  1.09938349e-07 
 3.01995172e+03  1.15112904e-07 
 3.09029543e+03  1.20532041e-07 
 3.16227766e+03  1.26207217e-07 
 3.23593657e+03  1.32150438e-07 
 3.31131121e+03  1.38374279e-07 
 3.38844156e+03  1.44891915e-07 
 3.46736850e+03  1.51717144e-07 
 3.54813389e+03  1.58864421e-07 
 3.63078055e+03  1.66348884e-07 
 3.71535229e+03  1.74186392e-07 
 3.80189396e+03  1.82393549e-07 
 3.89045145e+03  1.90987749e-07 
 3.98107171e+03  1.99987206e-07 
 4.07380278e+03  2.09410995e-07 
 4.16869383e+03  2.19279095e-07 
 4.26579519e+03  2.29612424e-07 
 4.36515832e+03  2.40432891e-07 
 4.46683592e+03  2.51763439e-07 
 4.57088190e+03  2.63628091e-07 
 4.67735141e+03  2.76052007e-07 
 4.78630092e+03  2.89061531e-07 
 4.89778819e+03  3.02684253e-07 
 5.01187234e+03  3.16949061e-07 
 5.12861384e+03  3.31886207e-07 
 5.24807460e+03  3.47527369e-07 
 5.37031796e+03  3.63905719e-07 
 5.49540874e+03  3.81055993e-07 
 5.62341325e+03  3.99014565e-07 
 5.75439937e+03  4.17819523e-07 
 5.88843655e+03  4.37510750e-07 
 6.02559586e+03  4.58130010e-07 
 6.16595002e+03  4.79721037e-07 
 6.30957344e+03  5.02329623e-07 
 6.45654229e+03  5.26003721e-07 
 6.60693448e+03  5.50793544e-07 
 6.76082975e+03  5.76751669e-07 
 6.91830971e+03  6.03933156e-07 
 7.07945784e+03  6.32395654e-07 
 7.24435960e+03  6.62199534e-07 
 7.41310241e+03  6.93408010e-07 
 7.58577575e+03  7.26087275e-07 
 7.76247117e+03  7.60306642e-07 
 7.94328235e+03  7.96138691e-07 
 8.12830516e+03  8.33659421e-07 
 8.31763771e+03  8.72948415e-07 
 8.51138038e+03  9.14089004e-07 
 8.70963590e+03  9.57168447e-07 
 8.91250938e+03  1.00227812e-06 
 9.12010839e+03  1.04951369e-06 
 9.33254301e+03  1.09897535e-06 
 9.54992586e+03  1.15076801e-06 
 9.77237221e+03  1.20500151e-06 
 1.00000000e+04  1.26179089e-06 
 1.02329299e+04  1.32125659e-06 
 1.04712855e+04  1.38352474e-06 
 1.07151931e+04  1.44872740e-06 
 1.09647820e+04  1.51700287e-06 
 1.12201845e+04  1.58849595e-06 
 1.14815362e+04  1.66335828e-06 
 1.17489755e+04  1.74174863e-06 
 1.20226443e+04  1.82383325e-06 
 1.23026877e+04  1.90978625e-06 
 1.25892541e+04  1.99978991e-06 
 1.28824955e+04  2.09403513e-06 
 1.31825674e+04  2.19272178e-06 
 1.34896288e+04  2.29605917e-06 
 1.38038426e+04  2.40426645e-06 
 1.41253754e+04  2.51757312e-06 
 1.44543977e+04  2.63621947e-06 
 1.47910839e+04  2.76045712e-06 
 1.51356125e+04  2.89054957e-06 
 1.54881662e+04  3.02677269e-06 
 1.58489319e+04  3.16941539e-06 
 1.62181010e+04  3.31878016e-06 
 1.65958691e+04  3.47518378e-06 
 1.69824365e+04  3.63895791e-06 
 1.73780083e+04  3.81044987e-06 
 1.77827941e+04  3.99002333e-06 
 1.81970086e+04  4.17805909e-06 
 1.86208714e+04  4.37495590e-06 
 1.90546072e+04  4.58113128e-06 
 1.94984460e+04  4.79702246e-06 
 1.99526231e+04  5.02308721e-06 
 2.04173794e+04  5.25980490e-06 
 2.08929613e+04  5.50767748e-06 
 2.13796209e+04  5.76723055e-06 
 2.18776162e+04  6.03901445e-06 
 2.23872114e+04  6.32360545e-06 
 2.29086765e+04  6.62160697e-06 
 2.34422882e+04  6.93365087e-06 
 2.39883292e+04  7.26039872e-06 
 2.45470892e+04  7.60254331e-06 
 2.51188643e+04  7.96081003e-06 
 2.57039578e+04  8.33595842e-06 
 2.63026799e+04  8.72878382e-06 
 2.69153480e+04  9.14011901e-06 
 2.75422870e+04  9.57083600e-06 
 2.81838293e+04  1.00218478e-05 
 2.88403150e+04  1.04941106e-05 
 2.95120923e+04  1.09886254e-05 
 3.01995172e+04  1.15064403e-05 
 3.09029543e+04  1.20486531e-05 
 3.16227766e+04  1.26164129e-05 
 3.23593657e+04  1.32109230e-05 
 3.31131121e+04  1.38334436e-05 
 3.38844156e+04  1.44852938e-05 
 3.46736850e+04  1.51678551e-05 
 3.54813389e+04  1.58825740e-05 
 3.63078055e+04  1.66309649e-05 
 3.71535229e+04  1.74146137e-05 
 3.80189396e+04  1.82351807e-05 
 3.89045145e+04  1.90944046e-05 
 3.98107171e+04  1.99941056e-05 
 4.07380278e+04  2.09361898e-05 
 4.16869383e+04  2.19226529e-05 
 4.26579519e+04  2.29555844e-05 
 4.36515832e+04  2.40371721e-05 
 4.46683592e+04  2.51697069e-05 
 4.57088190e+04  2.63555871e-05 
 4.67735141e+04  2.75973241e-05 
 4.78630092e+04  2.88975472e-05 
 4.89778819e+04  3.02590093e-05 
 5.01187234e+04  3.16845928e-05 
 5.12861384e+04  3.31773156e-05 
 5.24807460e+04  3.47403374e-05 
 5.37031796e+04  3.63769662e-05 
 5.49540874e+04  3.80906656e-05 
 5.62341325e+04  3.98850620e-05 
 5.75439937e+04  4.17639520e-05 
 5.88843655e+04  4.37313104e-05 
 6.02559586e+04  4.57912988e-05 
 6.16595002e+04  4.79482741e-05 
 6.30957344e+04  5.02067976e-05 
 6.45654229e+04  5.25716448e-05 
 6.60693448e+04  5.50478153e-05 
 6.76082975e+04  5.76405429e-05 
 6.91830971e+04  6.03553071e-05 
 7.07945784e+04  6.31978442e-05 
 7.24435960e+04  6.61741596e-05 
 7.41310241e+04  6.92905396e-05 
 7.58577575e+04  7.25535656e-05 
 7.76247117e+04  7.59701267e-05 
 7.94328235e+04  7.95474348e-05 
 8.12830516e+04  8.32930394e-05 
 8.31763771e+04  8.72148428e-05 
 8.51138038e+04  9.13211174e-05 
 8.70963590e+04  9.56205220e-05 
 8.91250938e+04  1.00122120e-04 
 9.12010839e+04  1.04835399e-04 
 9.33254301e+04  1.09770287e-04 
 9.54992586e+04  1.14937180e-04 
 9.77237221e+04  1.20346953e-04 
 1.00000000e+05  1.26010994e-04 
