 1.00000000e+00  6.00030030e+00 
 1.02329299e+00  6.00029964e+00 
 1.04712855e+00  6.00029895e+00 
 1.07151931e+00  6.00029823e+00 
 1.09647820e+00  6.00029748e+00 
 1.12201845e+00  6.00029669e+00 
 1.14815362e+00  6.00029586e+00 
 1.17489755e+00  6.00029499e+00 
 1.20226443e+00  6.00029409e+00 
 1.23026877e+00  6.00029314e+00 
 1.25892541e+00  6.00029214e+00 
 1.28824955e+00  6.00029110e+00 
 1.31825674e+00  6.00029001e+00 
 1.34896288e+00  6.00028887e+00 
 1.38038426e+00  6.00028767e+00 
 1.41253754e+00  6.00028642e+00 
 1.44543977e+00  6.00028510e+00 
 1.47910839e+00  6.00028373e+00 
 1.51356125e+00  6.00028229e+00 
 1.54881662e+00  6.00028079e+00 
 1.58489319e+00  6.00027921e+00 
 1.62181010e+00  6.00027756e+00 
 1.65958691e+00  6.00027583e+00 
 1.69824365e+00  6.00027402e+00 
 1.73780083e+00  6.00027212e+00 
 1.77827941e+00  6.00027014e+00 
 1.81970086e+00  6.00026806e+00 
 1.86208714e+00  6.00026588e+00 
 1.90546072e+00  6.00026360e+00 
 1.94984460e+00  6.00026122e+00 
 1.99526231e+00  6.00025872e+00 
 2.04173794e+00  6.00025610e+00 
 2.08929613e+00  6.00025336e+00 
 2.13796209e+00  6.00025049e+00 
 2.18776162e+00  6.00024748e+00 
 2.23872114e+00  6.00024434e+00 
 2.29086765e+00  6.00024104e+00 
 2.34422882e+00  6.00023759e+00 
 2.39883292e+00  6.00023398e+00 
 2.45470892e+00  6.00023020e+00 
 2.51188643e+00  6.00022624e+00 
 2.57039578e+00  6.00022209e+00 
 2.63026799e+00  6.00021775e+00 
 2.69153480e+00  6.00021320e+00 
 2.75422870e+00  6.00020843e+00 
 2.81838293e+00  6.00020345e+00 
 2.88403150e+00  6.00019823e+00 
 2.95120923e+00  6.00019276e+00 
 3.01995172e+00  6.00018703e+00 
 3.09029543e+00  6.00018104e+00 
 3.16227766e+00  6.00017476e+00 
 3.23593657e+00  6.00016819e+00 
 3.31131121e+00  6.00016130e+00 
 3.38844156e+00  6.00015410e+00 
 3.46736850e+00  6.00014655e+00 
 3.54813389e+00  6.00013864e+00 
 3.63078055e+00  6.00013037e+00 
 3.71535229e+00  6.00012170e+00 
 3.80189396e+00  6.00011263e+00 
 3.89045145e+00  6.00010313e+00 
 3.98107171e+00  6.00009318e+00 
 4.07380278e+00  6.00008276e+00 
 4.16869383e+00  6.00007185e+00 
 4.26579519e+00  6.00006043e+00 
 4.36515832e+00  6.00004847e+00 
 4.46683592e+00  6.00003594e+00 
 4.57088190e+00  6.00002283e+00 
 4.67735141e+00  6.00000909e+00 
 4.78630092e+00  5.99999471e+00 
 4.89778819e+00  5.99997966e+00 
 5.01187234e+00  5.99996389e+00 
 5.12861384e+00  5.99994738e+00 
 5.24807460e+00  5.99993009e+00 
 5.37031796e+00  5.99991199e+00 
 5.49540874e+00  5.99989303e+00 
 5.62341325e+00  5.99987318e+00 
 5.75439937e+00  5.99985240e+00 
 5.88843655e+00  5.99983063e+00 
 6.02559586e+00  5.99980784e+00 
 6.16595002e+00  5.99978398e+00 
 6.30957344e+00  5.99975899e+00 
 6.45654229e+00  5.99973283e+00 
 6.60693448e+00  5.99970543e+00 
 6.76082975e+00  5.99967674e+00 
 6.91830971e+00  5.99964670e+00 
 7.07945784e+00  5.99961525e+00 
 7.24435960e+00  5.99958231e+00 
 7.41310241e+00  5.99954782e+00 
 7.58577575e+00  5.99951171e+00 
 7.76247117e+00  5.99947389e+00 
 7.94328235e+00  5.99943430e+00 
 8.12830516e+00  5.99939284e+00 
 8.31763771e+00  5.99934942e+00 
 8.51138038e+00  5.99930396e+00 
 8.70963590e+00  5.99925636e+00 
 8.91250938e+00  5.99920652e+00 
 9.12010839e+00  5.99915433e+00 
 9.33254301e+00  5.99909968e+00 
 9.54992586e+00  5.99904246e+00 
 9.77237221e+00  5.99898254e+00 
 1.00000000e+01  5.99891980e+00 
 1.02329299e+01  5.99885411e+00 
 1.04712855e+01  5.99878532e+00 
 1.07151931e+01  5.99871329e+00 
 1.09647820e+01  5.99863787e+00 
 1.12201845e+01  5.99855890e+00 
 1.14815362e+01  5.99847621e+00 
 1.17489755e+01  5.99838963e+00 
 1.20226443e+01  5.99829897e+00 
 1.23026877e+01  5.99820404e+00 
 1.25892541e+01  5.99810464e+00 
 1.28824955e+01  5.99800057e+00 
 1.31825674e+01  5.99789159e+00 
 1.34896288e+01  5.99777749e+00 
 1.38038426e+01  5.99765802e+00 
 1.41253754e+01  5.99753292e+00 
 1.44543977e+01  5.99740193e+00 
 1.47910839e+01  5.99726478e+00 
 1.51356125e+01  5.99712118e+00 
 1.54881662e+01  5.99697082e+00 
 1.58489319e+01  5.99681339e+00 
 1.62181010e+01  5.99664855e+00 
 1.65958691e+01  5.99647595e+00 
 1.69824365e+01  5.99629524e+00 
 1.73780083e+01  5.99610603e+00 
 1.77827941e+01  5.99590792e+00 
 1.81970086e+01  5.99570049e+00 
 1.86208714e+01  5.99548332e+00 
 1.90546072e+01  5.99525593e+00 
 1.94984460e+01  5.99501785e+00 
 1.99526231e+01  5.99476858e+00 
 2.04173794e+01  5.99450760e+00 
 2.08929613e+01  5.99423436e+00 
 2.13796209e+01  5.99394827e+00 
 2.18776162e+01  5.99364875e+00 
 2.23872114e+01  5.99333516e+00 
 2.29086765e+01  5.99300685e+00 
 2.34422882e+01  5.99266311e+00 
 2.39883292e+01  5.99230325e+00 
 2.45470892e+01  5.99192649e+00 
 2.51188643e+01  5.99153205e+00 
 2.57039578e+01  5.99111910e+00 
 2.63026799e+01  5.99068679e+00 
 2.69153480e+01  5.99023420e+00 
 2.75422870e+01  5.98976039e+00 
 2.81838293e+01  5.98926437e+00 
 2.88403150e+01  5.98874510e+00 
 2.95120923e+01  5.98820151e+00 
 3.01995172e+01  5.98763246e+00 
 3.09029543e+01  5.98703676e+00 
 3.16227766e+01  5.98641317e+00 
 3.23593657e+01  5.98576041e+00 
 3.31131121e+01  5.98507711e+00 
 3.38844156e+01  5.98436186e+00 
 3.46736850e+01  5.98361317e+00 
 3.54813389e+01  5.98282950e+00 
 3.63078055e+01  5.98200922e+00 
 3.71535229e+01  5.98115065e+00 
 3.80189396e+01  5.98025201e+00 
 3.89045145e+01  5.97931145e+00 
 3.98107171e+01  5.97832704e+00 
 4.07380278e+01  5.97729676e+00 
 4.16869383e+01  5.97621849e+00 
 4.26579519e+01  5.97509002e+00 
 4.36515832e+01  5.97390906e+00 
 4.46683592e+01  5.97267319e+00 
 4.57088190e+01  5.97137990e+00 
 4.67735141e+01  5.97002656e+00 
 4.78630092e+01  5.96861042e+00 
 4.89778819e+01  5.96712862e+00 
 5.01187234e+01  5.96557817e+00 
 5.12861384e+01  5.96395594e+00 
 5.24807460e+01  5.96225869e+00 
 5.37031796e+01  5.96048299e+00 
 5.49540874e+01  5.95862531e+00 
 5.62341325e+01  5.95668195e+00 
 5.75439937e+01  5.95464904e+00 
 5.88843655e+01  5.95252256e+00 
 6.02559586e+01  5.95029831e+00 
 6.16595002e+01  5.94797191e+00 
 6.30957344e+01  5.94553881e+00 
 6.45654229e+01  5.94299425e+00 
 6.60693448e+01  5.94033328e+00 
 6.76082975e+01  5.93755075e+00 
 6.91830971e+01  5.93464130e+00 
 7.07945784e+01  5.93159934e+00 
 7.24435960e+01  5.92841906e+00 
 7.41310241e+01  5.92509441e+00 
 7.58577575e+01  5.92161911e+00 
 7.76247117e+01  5.91798664e+00 
 7.94328235e+01  5.91419019e+00 
 8.12830516e+01  5.91022272e+00 
 8.31763771e+01  5.90607690e+00 
 8.51138038e+01  5.90174515e+00 
 8.70963590e+01  5.89721957e+00 
 8.91250938e+01  5.89249199e+00 
 9.12010839e+01  5.88755395e+00 
 9.33254301e+01  5.88239667e+00 
 9.54992586e+01  5.87701107e+00 
 9.77237221e+01  5.87138774e+00 
 1.00000000e+02  5.86551697e+00 
 1.02329299e+02  5.85938872e+00 
 1.04712855e+02  5.85299262e+00 
 1.07151931e+02  5.84631796e+00 
 1.09647820e+02  5.83935372e+00 
 1.12201845e+02  5.83208851e+00 
 1.14815362e+02  5.82451065e+00 
 1.17489755e+02  5.81660810e+00 
 1.20226443e+02  5.80836848e+00 
 1.23026877e+02  5.79977911e+00 
 1.25892541e+02  5.79082697e+00 
 1.28824955e+02  5.78149875e+00 
 1.31825674e+02  5.77178080e+00 
 1.34896288e+02  5.76165922e+00 
 1.38038426e+02  5.75111979e+00 
 1.41253754e+02  5.74014807e+00 
 1.44543977e+02  5.72872935e+00 
 1.47910839e+02  5.71684871e+00 
 1.51356125e+02  5.70449104e+00 
 1.54881662e+02  5.69164107e+00 
 1.58489319e+02  5.67828339e+00 
 1.62181010e+02  5.66440249e+00 
 1.65958691e+02  5.64998284e+00 
 1.69824365e+02  5.63500887e+00 
 1.73780083e+02  5.61946507e+00 
 1.77827941e+02  5.60333604e+00 
 1.81970086e+02  5.58660652e+00 
 1.86208714e+02  5.56926150e+00 
 1.90546072e+02  5.55128626e+00 
 1.94984460e+02  5.53266646e+00 
 1.99526231e+02  5.51338825e+00 
 2.04173794e+02  5.49343829e+00 
 2.08929613e+02  5.47280395e+00 
 2.13796209e+02  5.45147332e+00 
 2.18776162e+02  5.42943538e+00 
 2.23872114e+02  5.40668010e+00 
 2.29086765e+02  5.38319858e+00 
 2.34422882e+02  5.35898315e+00 
 2.39883292e+02  5.33402755e+00 
 2.45470892e+02  5.30832704e+00 
 2.51188643e+02  5.28187859e+00 
 2.57039578e+02  5.25468101e+00 
 2.63026799e+02  5.22673513e+00 
 2.69153480e+02  5.19804398e+00 
 2.75422870e+02  5.16861293e+00 
 2.81838293e+02  5.13844990e+00 
 2.88403150e+02  5.10756555e+00 
 2.95120923e+02  5.07597344e+00 
 3.01995172e+02  5.04369021e+00 
 3.09029543e+02  5.01073582e+00 
 3.16227766e+02  4.97713366e+00 
 3.23593657e+02  4.94291079e+00 
 3.31131121e+02  4.90809809e+00 
 3.38844156e+02  4.87273044e+00 
 3.46736850e+02  4.83684688e+00 
 3.54813389e+02  4.80049073e+00 
 3.63078055e+02  4.76370979e+00 
 3.71535229e+02  4.72655640e+00 
 3.80189396e+02  4.68908759e+00 
 3.89045145e+02  4.65136509e+00 
 3.98107171e+02  4.61345548e+00 
 4.07380278e+02  4.57543010e+00 
 4.16869383e+02  4.53736516e+00 
 4.26579519e+02  4.49934157e+00 
 4.36515832e+02  4.46144496e+00 
 4.46683592e+02  4.42376546e+00 
 4.57088190e+02  4.38639758e+00 
 4.67735141e+02  4.34943992e+00 
 4.78630092e+02  4.31299491e+00 
 4.89778819e+02  4.27716843e+00 
 5.01187234e+02  4.24206941e+00 
 5.12861384e+02  4.20780930e+00 
 5.24807460e+02  4.17450155e+00 
 5.37031796e+02  4.14226097e+00 
 5.49540874e+02  4.11120303e+00 
 5.62341325e+02  4.08144310e+00 
 5.75439937e+02  4.05309559e+00 
 5.88843655e+02  4.02627315e+00 
 6.02559586e+02  4.00108565e+00 
 6.16595002e+02  3.97763928e+00 
 6.30957344e+02  3.95603553e+00 
 6.45654229e+02  3.93637020e+00 
 6.60693448e+02  3.91873241e+00 
 6.76082975e+02  3.90320366e+00 
 6.91830971e+02  3.88985687e+00 
 7.07945784e+02  3.87875558e+00 
 7.24435960e+02  3.86995317e+00 
 7.41310241e+02  3.86349220e+00 
 7.58577575e+02  3.85940388e+00 
 7.76247117e+02  3.85770768e+00 
 7.94328235e+02  3.85841108e+00 
 8.12830516e+02  3.86150946e+00 
 8.31763771e+02  3.86698618e+00 
 8.51138038e+02  3.87481279e+00 
 8.70963590e+02  3.88494937e+00 
 8.91250938e+02  3.89734509e+00 
 9.12010839e+02  3.91193876e+00 
 9.33254301e+02  3.92865966e+00 
 9.54992586e+02  3.94742829e+00 
 9.77237221e+02  3.96815732e+00 
 1.00000000e+03  3.99075253e+00 
 1.02329299e+03  4.01511379e+00 
 1.04712855e+03  4.04113608e+00 
 1.07151931e+03  4.06871044e+00 
 1.09647820e+03  4.09772499e+00 
 1.12201845e+03  4.12806583e+00 
 1.14815362e+03  4.15961798e+00 
 1.17489755e+03  4.19226617e+00 
 1.20226443e+03  4.22589564e+00 
 1.23026877e+03  4.26039288e+00 
 1.25892541e+03  4.29564622e+00 
 1.28824955e+03  4.33154643e+00 
 1.31825674e+03  4.36798726e+00 
 1.34896288e+03  4.40486582e+00 
 1.38038426e+03  4.44208299e+00 
 1.41253754e+03  4.47954369e+00 
 1.44543977e+03  4.51715719e+00 
 1.47910839e+03  4.55483725e+00 
 1.51356125e+03  4.59250230e+00 
 1.54881662e+03  4.63007551e+00 
 1.58489319e+03  4.66748485e+00 
 1.62181010e+03  4.70466315e+00 
 1.65958691e+03  4.74154799e+00 
 1.69824365e+03  4.77808177e+00 
 1.73780083e+03  4.81421154e+00 
 1.77827941e+03  4.84988894e+00 
 1.81970086e+03  4.88507008e+00 
 1.86208714e+03  4.91971543e+00 
 1.90546072e+03  4.95378962e+00 
 1.94984460e+03  4.98726131e+00 
 1.99526231e+03  5.02010305e+00 
 2.04173794e+03  5.05229103e+00 
 2.08929613e+03  5.08380498e+00 
 2.13796209e+03  5.11462794e+00 
 2.18776162e+03  5.14474606e+00 
 2.23872114e+03  5.17414846e+00 
 2.29086765e+03  5.20282703e+00 
 2.34422882e+03  5.23077622e+00 
 2.39883292e+03  5.25799289e+00 
 2.45470892e+03  5.28447613e+00 
 2.51188643e+03  5.31022708e+00 
 2.57039578e+03  5.33524876e+00 
 2.63026799e+03  5.35954594e+00 
 2.69153480e+03  5.38312496e+00 
 2.75422870e+03  5.40599357e+00 
 2.81838293e+03  5.42816085e+00 
 2.88403150e+03  5.44963699e+00 
 2.95120923e+03  5.47043326e+00 
 3.01995172e+03  5.49056180e+00 
 3.09029543e+03  5.51003558e+00 
 3.16227766e+03  5.52886825e+00 
 3.23593657e+03  5.54707407e+00 
 3.31131121e+03  5.56466780e+00 
 3.38844156e+03  5.58166463e+00 
 3.46736850e+03  5.59808009e+00 
 3.54813389e+03  5.61392998e+00 
 3.63078055e+03  5.62923032e+00 
 3.71535229e+03  5.64399727e+00 
 3.80189396e+03  5.65824708e+00 
 3.89045145e+03  5.67199605e+00 
 3.98107171e+03  5.68526047e+00 
 4.07380278e+03  5.69805660e+00 
 4.16869383e+03  5.71040061e+00 
 4.26579519e+03  5.72230858e+00 
 4.36515832e+03  5.73379644e+00 
 4.46683592e+03  5.74487997e+00 
 4.57088190e+03  5.75557475e+00 
 4.67735141e+03  5.76589619e+00 
 4.78630092e+03  5.77585948e+00 
 4.89778819e+03  5.78547957e+00 
 5.01187234e+03  5.79477121e+00 
 5.12861384e+03  5.80374889e+00 
 5.24807460e+03  5.81242685e+00 
 5.37031796e+03  5.82081911e+00 
 5.49540874e+03  5.82893943e+00 
 5.62341325e+03  5.83680132e+00 
 5.75439937e+03  5.84441806e+00 
 5.88843655e+03  5.85180269e+00 
 6.02559586e+03  5.85896801e+00 
 6.16595002e+03  5.86592659e+00 
 6.30957344e+03  5.87269081e+00 
 6.45654229e+03  5.87927281e+00 
 6.60693448e+03  5.88568453e+00 
 6.76082975e+03  5.89193776e+00 
 6.91830971e+03  5.89804406e+00 
 7.07945784e+03  5.90401487e+00 
 7.24435960e+03  5.90986144e+00 
 7.41310241e+03  5.91559489e+00 
 7.58577575e+03  5.92122624e+00 
 7.76247117e+03  5.92676637e+00 
 7.94328235e+03  5.93222607e+00 
 8.12830516e+03  5.93761605e+00 
 8.31763771e+03  5.94294695e+00 
 8.51138038e+03  5.94822938e+00 
 8.70963590e+03  5.95347390e+00 
 8.91250938e+03  5.95869106e+00 
 9.12010839e+03  5.96389142e+00 
 9.33254301e+03  5.96908555e+00 
 9.54992586e+03  5.97428407e+00 
 9.77237221e+03  5.97949766e+00 
 1.00000000e+04  5.98473708e+00 
 1.02329299e+04  5.99001319e+00 
 1.04712855e+04  5.99533696e+00 
 1.07151931e+04  6.00071952e+00 
 1.09647820e+04  6.00617215e+00 
 1.12201845e+04  6.01170634e+00 
 1.14815362e+04  6.01733376e+00 
 1.17489755e+04  6.02306634e+00 
 1.20226443e+04  6.02891626e+00 
 1.23026877e+04  6.03489599e+00 
 1.25892541e+04  6.04101830e+00 
 1.28824955e+04  6.04729632e+00 
 1.31825674e+04  6.05374355e+00 
 1.34896288e+04  6.06037386e+00 
 1.38038426e+04  6.06720157e+00 
 1.41253754e+04  6.07424146e+00 
 1.44543977e+04  6.08150881e+00 
 1.47910839e+04  6.08901940e+00 
 1.51356125e+04  6.09678961e+00 
 1.54881662e+04  6.10483640e+00 
 1.58489319e+04  6.11317736e+00 
 1.62181010e+04  6.12183079e+00 
 1.65958691e+04  6.13081567e+00 
 1.69824365e+04  6.14015178e+00 
 1.73780083e+04  6.14985969e+00 
 1.77827941e+04  6.15996083e+00 
 1.81970086e+04  6.17047753e+00 
 1.86208714e+04  6.18143307e+00 
 1.90546072e+04  6.19285176e+00 
 1.94984460e+04  6.20475893e+00 
 1.99526231e+04  6.21718106e+00 
 2.04173794e+04  6.23014579e+00 
 2.08929613e+04  6.24368199e+00 
 2.13796209e+04  6.25781984e+00 
 2.18776162e+04  6.27259084e+00 
 2.23872114e+04  6.28802796e+00 
 2.29086765e+04  6.30416559e+00 
 2.34422882e+04  6.32103973e+00 
 2.39883292e+04  6.33868794e+00 
 2.45470892e+04  6.35714948e+00 
 2.51188643e+04  6.37646533e+00 
 2.57039578e+04  6.39667828e+00 
 2.63026799e+04  6.41783296e+00 
 2.69153480e+04  6.43997588e+00 
 2.75422870e+04  6.46315551e+00 
 2.81838293e+04  6.48742225e+00 
 2.88403150e+04  6.51282853e+00 
 2.95120923e+04  6.53942871e+00 
 3.01995172e+04  6.56727915e+00 
 3.09029543e+04  6.59643808e+00 
 3.16227766e+04  6.62696559e+00 
 3.23593657e+04  6.65892346e+00 
 3.31131121e+04  6.69237498e+00 
 3.38844156e+04  6.72738477e+00 
 3.46736850e+04  6.76401839e+00 
 3.54813389e+04  6.80234201e+00 
 3.63078055e+04  6.84242184e+00 
 3.71535229e+04  6.88432352e+00 
 3.80189396e+04  6.92811127e+00 
 3.89045145e+04  6.97384692e+00 
 3.98107171e+04  7.02158866e+00 
 4.07380278e+04  7.07138950e+00 
 4.16869383e+04  7.12329548e+00 
 4.26579519e+04  7.17734333e+00 
 4.36515832e+04  7.23355787e+00 
 4.46683592e+04  7.29194869e+00 
 4.57088190e+04  7.35250629e+00 
 4.67735141e+04  7.41519746e+00 
 4.78630092e+04  7.47995981e+00 
 4.89778819e+04  7.54669538e+00 
 5.01187234e+04  7.61526316e+00 
 5.12861384e+04  7.68547047e+00 
 5.24807460e+04  7.75706310e+00 
 5.37031796e+04  7.82971428e+00 
 5.49540874e+04  7.90301231e+00 
 5.62341325e+04  7.97644728e+00 
 5.75439937e+04  8.04939704e+00 
 5.88843655e+04  8.12111295e+00 
 6.02559586e+04  8.19070627e+00 
 6.16595002e+04  8.25713635e+00 
 6.30957344e+04  8.31920204e+00 
 6.45654229e+04  8.37553844e+00 
 6.60693448e+04  8.42462115e+00 
 6.76082975e+04  8.46478073e+00 
 6.91830971e+04  8.49422995e+00 
 7.07945784e+04  8.51110596e+00 
 7.24435960e+04  8.51352886e+00 
 7.41310241e+04  8.49967644e+00 
 7.58577575e+04  8.46787258e+00 
 7.76247117e+04  8.41668463e+00 
 7.94328235e+04  8.34502200e+00 
 8.12830516e+04  8.25222641e+00 
 8.31763771e+04  8.13814319e+00 
 8.51138038e+04  8.00316388e+00 
 8.70963590e+04  7.84823307e+00 
 8.91250938e+04  7.67481663e+00 
 9.12010839e+04  7.48483368e+00 
 9.33254301e+04  7.28055948e+00 
 9.54992586e+04  7.06450982e+00 
 9.77237221e+04  6.83931914e+00 
 1.00000000e+05  6.60762403e+00 
 1.02329299e+05  6.37196152e+00 
 1.04712855e+05  6.13468815e+00 
 1.07151931e+05  5.89792247e+00 
 1.09647820e+05  5.66351071e+00 
 1.12201845e+05  5.43301283e+00 
 1.14815362e+05  5.20770524e+00 
 1.17489755e+05  4.98859587e+00 
 1.20226443e+05  4.77644746e+00 
 1.23026877e+05  4.57180543e+00 
 1.25892541e+05  4.37502766e+00 
 1.28824955e+05  4.18631393e+00 
 1.31825674e+05  4.00573365e+00 
 1.34896288e+05  3.83325112e+00 
 1.38038426e+05  3.66874782e+00 
 1.41253754e+05  3.51204155e+00 
 1.44543977e+05  3.36290275e+00 
 1.47910839e+05  3.22106793e+00 
 1.51356125e+05  3.08625078e+00 
 1.54881662e+05  2.95815101e+00 
 1.58489319e+05  2.83646146e+00 
 1.62181010e+05  2.72087362e+00 
 1.65958691e+05  2.61108184e+00 
 1.69824365e+05  2.50678656e+00 
 1.73780083e+05  2.40769668e+00 
 1.77827941e+05  2.31353114e+00 
 1.81970086e+05  2.22402010e+00 
 1.86208714e+05  2.13890561e+00 
 1.90546072e+05  2.05794199e+00 
 1.94984460e+05  1.98089588e+00 
 1.99526231e+05  1.90754618e+00 
 2.04173794e+05  1.83768383e+00 
 2.08929613e+05  1.77111144e+00 
 2.13796209e+05  1.70764287e+00 
 2.18776162e+05  1.64710282e+00 
 2.23872114e+05  1.58932626e+00 
 2.29086765e+05  1.53415801e+00 
 2.34422882e+05  1.48145214e+00 
 2.39883292e+05  1.43107154e+00 
 2.45470892e+05  1.38288737e+00 
 2.51188643e+05  1.33677861e+00 
 2.57039578e+05  1.29263158e+00 
 2.63026799e+05  1.25033949e+00 
 2.69153480e+05  1.20980205e+00 
 2.75422870e+05  1.17092501e+00 
 2.81838293e+05  1.13361985e+00 
 2.88403150e+05  1.09780336e+00 
 2.95120923e+05  1.06339733e+00 
 3.01995172e+05  1.03032823e+00 
 3.09029543e+05  9.98526905e-01 
 3.16227766e+05  9.67928313e-01 
 3.23593657e+05  9.38471238e-01 
 3.31131121e+05  9.10098057e-01 
 3.38844156e+05  8.82754511e-01 
 3.46736850e+05  8.56389485e-01 
 3.54813389e+05  8.30954812e-01 
 3.63078055e+05  8.06405081e-01 
 3.71535229e+05  7.82697464e-01 
 3.80189396e+05  7.59791553e-01 
 3.89045145e+05  7.37649203e-01 
 3.98107171e+05  7.16234390e-01 
 4.07380278e+05  6.95513083e-01 
 4.16869383e+05  6.75453112e-01 
 4.26579519e+05  6.56024053e-01 
 4.36515832e+05  6.37197125e-01 
 4.46683592e+05  6.18945083e-01 
 4.57088190e+05  6.01242124e-01 
 4.67735141e+05  5.84063801e-01 
 4.78630092e+05  5.67386942e-01 
 4.89778819e+05  5.51189568e-01 
 5.01187234e+05  5.35450830e-01 
 5.12861384e+05  5.20150935e-01 
 5.24807460e+05  5.05271090e-01 
 5.37031796e+05  4.90793444e-01 
 5.49540874e+05  4.76701034e-01 
 5.62341325e+05  4.62977738e-01 
 5.75439937e+05  4.49608229e-01 
 5.88843655e+05  4.36577937e-01 
 6.02559586e+05  4.23873005e-01 
 6.16595002e+05  4.11480264e-01 
 6.30957344e+05  3.99387193e-01 
 6.45654229e+05  3.87581897e-01 
 6.60693448e+05  3.76053080e-01 
 6.76082975e+05  3.64790024e-01 
 6.91830971e+05  3.53782568e-01 
 7.07945784e+05  3.43021090e-01 
 7.24435960e+05  3.32496498e-01 
 7.41310241e+05  3.22200213e-01 
 7.58577575e+05  3.12124159e-01 
 7.76247117e+05  3.02260760e-01 
 7.94328235e+05  2.92602927e-01 
 8.12830516e+05  2.83144060e-01 
 8.31763771e+05  2.73878040e-01 
 8.51138038e+05  2.64799228e-01 
 8.70963590e+05  2.55902466e-01 
 8.91250938e+05  2.47183072e-01 
 9.12010839e+05  2.38636840e-01 
 9.33254301e+05  2.30260041e-01 
 9.54992586e+05  2.22049415e-01 
 9.77237221e+05  2.14002172e-01 
 1.00000000e+06  2.06115982e-01 
